Frekvenca [Hz] - Plot 0	Faza frekv. prenosne funkcije [rad] - Plot 0	Frekvenca [Hz] - Plot 1	Faza frekv. prenosne funkcije [rad] - Plot 1	Frekvenca [Hz] - Plot 2	Faza frekv. prenosne funkcije [rad] - Plot 2	
10	3,05471	10	2,97978	10	2,99928	
10,1	3,03752	10,1	2,95218	10,1	2,95235	
10,2	3,01507	10,2	2,97435	10,2	2,96875	
10,3	3,00509	10,3	2,99845	10,3	3,00162	
10,4	3,0269	10,4	2,98405	10,4	2,9844	
10,5	3,03847	10,5	2,9814	10,5	2,98373	
10,6	3,03451	10,6	2,99231	10,6	2,99522	
10,7	3,01984	10,7	2,97622	10,7	2,97502	
10,8	3,02568	10,8	2,99075	10,8	2,98415	
10,9	3,03639	10,9	2,99739	10,9	2,9876	
11	3,04579	11	2,99981	11	2,99251	
11,1	3,05603	11,1	3,0096	11,1	3,00683	
11,2	3,03892	11,2	2,98098	11,2	2,9811	
11,3	3,01325	11,3	2,95179	11,3	2,94224	
11,4	3,02111	11,4	2,98186	11,4	2,98588	
11,5	3,03906	11,5	2,99536	11,5	3,01063	
11,6	3,0162	11,6	2,97517	11,6	3,01212	
11,7	3,0214	11,7	2,98736	11,7	3,03749	
11,8	3,0108	11,8	2,97532	11,8	3,05958	
11,9	3,02905	11,9	2,98151	11,9	3,13135	
12	3,01711	12	2,96625	12	3,09248	
12,1	2,995	12,1	2,94273	12,1	3,01453	
12,2	2,99548	12,2	2,93721	12,2	2,98636	
12,3	2,9775	12,3	2,92481	12,3	2,95044	
12,4	2,97835	12,4	2,92805	12,4	2,93266	
12,5	2,96371	12,5	2,90734	12,5	2,91194	
12,6	2,94725	12,6	2,88789	12,6	2,89242	
12,7	2,93861	12,7	2,8803	12,7	2,87803	
12,8	2,93928	12,8	2,87736	12,8	2,87567	
12,9	2,9426	12,9	2,88109	12,9	2,88008	
13	2,9329	13	2,87246	13	2,87067	
13,1	2,88927	13,1	2,82362	13,1	2,8198	
13,2	2,87045	13,2	2,80489	13,2	2,80145	
13,3	2,84284	13,3	2,77846	13,3	2,77721	
13,4	2,79819	13,4	2,73233	13,4	2,72675	
13,5	2,74259	13,5	2,67837	13,5	2,66875	
13,6	2,69058	13,6	2,62747	13,6	2,6176	
13,7	2,60647	13,7	2,53584	13,7	2,52572	
13,8	2,53576	13,8	2,46848	13,8	2,45789	
13,9	2,3848	13,9	2,30837	13,9	2,29398	
14	2,22617	14	2,14746	14	2,13343	
14,1	2,05467	14,1	1,97685	14,1	1,96441	
14,2	1,87359	14,2	1,78506	14,2	1,77116	
14,3	1,55742	14,3	1,46402	14,3	1,45025	
14,4	1,19392	14,4	1,1007	14,4	1,08766	
14,5	1,03577	14,5	0,941308	14,5	0,928523	
14,6	0,902446	14,6	0,797887	14,6	0,785103	
14,7	0,806813	14,7	0,690358	14,7	0,674532	
14,8	0,686539	14,8	0,578883	14,8	0,563853	
14,9	0,578175	14,9	0,465633	14,9	0,454861	
15	0,593166	15	0,466374	15	0,453187	
15,1	0,574748	15,1	0,439993	15,1	0,425651	
15,2	0,491621	15,2	0,356193	15,2	0,342918	
15,3	0,487494	15,3	0,344996	15,3	0,329794	
15,4	0,483701	15,4	0,326449	15,4	0,3103	
15,5	0,465384	15,5	0,297579	15,5	0,281826	
15,6	0,458751	15,6	0,27996	15,6	0,263142	
15,7	0,410583	15,7	0,241654	15,7	0,226609	
15,8	0,398215	15,8	0,215725	15,8	0,204551	
15,9	0,406636	15,9	0,208807	15,9	0,199292	
16	0,4127	16	0,197825	16	0,185272	
16,1	0,428637	16,1	0,188325	16,1	0,176274	
16,2	0,413155	16,2	0,172093	16,2	0,161219	
16,3	0,420672	16,3	0,153087	16,3	0,138377	
16,4	0,440876	16,4	0,145173	16,4	0,131547	
16,5	0,498969	16,5	0,15687	16,5	0,141101	
16,6	0,542145	16,6	0,151137	16,6	0,132062	
16,7	0,540361	16,7	0,126603	16,7	0,107612	
16,8	0,623537	16,8	0,120623	16,8	0,100305	
16,9	0,722865	16,9	0,120212	16,9	0,0966066	
17	0,708494	17	0,100193	17	0,0814615	
17,1	0,822127	17,1	0,102242	17,1	0,0872532	
17,2	0,859286	17,2	0,0952182	17,2	0,0933177	
17,3	0,965099	17,3	0,0927378	17,3	0,120053	
17,4	1,05762	17,4	0,0927093	17,4	0,14098	
17,5	1,12058	17,5	0,0960105	17,5	0,160096	
17,6	1,21799	17,6	0,0911104	17,6	0,148908	
17,7	1,39362	17,7	0,0991369	17,7	0,140673	
17,8	1,55021	17,8	0,104474	17,8	0,124724	
17,9	1,79383	17,9	0,0823801	17,9	0,0955845	
18	2,04838	18	0,0728286	18	0,0760964	
18,1	2,3528	18,1	0,0632377	18,1	0,0574816	
18,2	2,52897	18,2	0,0633058	18,2	0,0481327	
18,3	2,604	18,3	0,0563123	18,3	0,0360869	
18,4	2,65059	18,4	0,0581792	18,4	0,030287	
18,5	2,7365	18,5	0,0568762	18,5	0,0262817	
18,6	2,7819	18,6	0,0412885	18,6	0,0138453	
18,7	2,80488	18,7	0,0443984	18,7	0,0145527	
18,8	2,8321	18,8	0,0526336	18,8	0,0185058	
18,9	2,8383	18,9	0,0577789	18,9	0,0219817	
19	2,84523	19	0,0693983	19	0,0283426	
19,1	2,90589	19,1	0,0543484	19,1	0,0233202	
19,2	2,931	19,2	0,0472422	19,2	0,0190317	
19,3	2,92039	19,3	0,0559516	19,3	0,0234238	
19,4	2,93641	19,4	0,0666469	19,4	0,0274117	
19,5	2,98316	19,5	0,0583935	19,5	0,021134	
19,6	2,99225	19,6	0,0516775	19,6	0,0243679	
19,7	2,98111	19,7	0,0580773	19,7	0,0255797	
19,8	2,97912	19,8	0,0607943	19,8	0,0258373	
19,9	3,00504	19,9	0,0503669	19,9	0,022709	
20	3,01039	20	0,0542701	20	0,0253778	
20,1	3,00709	20,1	0,0590316	20,1	0,0246653	
20,2	3,00667	20,2	0,0615664	20,2	0,0243287	
20,3	3,00905	20,3	0,0702866	20,3	0,0275489	
20,4	3,03564	20,4	0,0581978	20,4	0,0231157	
20,5	3,02516	20,5	0,0631945	20,5	0,0229067	
20,6	3,03148	20,6	0,0598435	20,6	0,0225157	
20,7	3,05046	20,7	0,0504218	20,7	0,019771	
20,8	3,05063	20,8	0,0544837	20,8	0,0190042	
20,9	3,04993	20,9	0,0620676	20,9	0,0196683	
21	3,0492	21	0,0661714	21	0,0198052	
21,1	3,05026	21,1	0,0627237	21,1	0,0165679	
21,2	3,04304	21,2	0,0725869	21,2	0,0196178	
21,3	3,05433	21,3	0,0644211	21,3	0,0180831	
21,4	3,04485	21,4	0,069616	21,4	0,0168993	
21,5	3,05912	21,5	0,0631949	21,5	0,0164812	
21,6	3,06419	21,6	0,0576315	21,6	0,0142733	
21,7	3,06587	21,7	0,0570513	21,7	0,0123286	
21,8	3,06582	21,8	0,0575029	21,8	0,0100443	
21,9	3,06779	21,9	0,0526826	21,9	0,00929369	
22	3,07063	22	0,0475614	22	0,00887537	
22,1	3,07177	22,1	0,0581543	22,1	0,010701	
22,2	3,07219	22,2	0,0633454	22,2	0,00984352	
22,3	3,06567	22,3	0,0738042	22,3	0,0105407	
22,4	3,07045	22,4	0,0508407	22,4	0,00612771	
22,5	3,07368	22,5	0,0494982	22,5	0,00256898	
22,6	3,06984	22,6	0,0524433	22,6	0,00232841	
22,7	3,06722	22,7	0,0514426	22,7	0,00274953	
22,8	3,05966	22,8	0,0717063	22,8	-0,000201019	
22,9	3,05856	22,9	0,0744686	22,9	0,00150946	
23	3,05539	23	0,0680746	23	0,000870964	
23,1	3,05393	23,1	0,0738781	23,1	-0,00191646	
23,2	3,05799	23,2	0,0705916	23,2	-0,000672688	
23,3	3,05671	23,3	0,0592915	23,3	-0,00487484	
23,4	3,04863	23,4	0,0657322	23,4	-0,00658316	
23,5	3,04859	23,5	0,0766591	23,5	-0,0058817	
23,6	3,05309	23,6	0,065456	23,6	-0,00736107	
23,7	3,04597	23,7	0,059872	23,7	-0,0113545	
23,8	3,0386	23,8	0,0697229	23,8	-0,01469	
23,9	3,03356	23,9	0,0729597	23,9	-0,0179355	
24	3,03623	24	0,0513541	24	-0,022037	
24,1	3,03839	24,1	0,0236634	24,1	-0,0223369	
24,2	3,03291	24,2	0,0351212	24,2	-0,024105	
24,3	3,02111	24,3	0,0325587	24,3	-0,0270453	
24,4	3,01514	24,4	0,025237	24,4	-0,0322194	
24,5	3,01159	24,5	-0,0116604	24,5	-0,039564	
24,6	3,00183	24,6	0,00416635	24,6	-0,0428278	
24,7	3,00284	24,7	-0,0170853	24,7	-0,0442479	
24,8	2,99074	24,8	0,0453201	24,8	-0,049873	
24,9	2,99435	24,9	-0,00419706	24,9	-0,0567538	
25	2,99719	25	0,0191311	25	-0,0660503	
25,1	3,00473	25,1	-0,0919509	25,1	-0,0736157	
25,2	3,01208	25,2	-0,114234	25,2	-0,0797979	
25,3	3,01479	25,3	-0,124991	25,3	-0,0837089	
25,4	3,02331	25,4	-1,18741	25,4	-0,0863891	
25,5	3,02309	25,5	-2,743	25,5	-0,0892408	
25,6	3,03427	25,6	-3,08153	25,6	-0,0861607	
25,7	3,0386	25,7	3,09765	25,7	-0,0836248	
25,8	3,04462	25,8	3,01841	25,8	-0,0792126	
25,9	3,05066	25,9	3,06495	25,9	-0,077155	
26	3,05987	26	3,04883	26	-0,0696633	
26,1	3,06013	26,1	2,97083	26,1	-0,0642582	
26,2	3,06435	26,2	3,00499	26,2	-0,063222	
26,3	3,07078	26,3	3,02151	26,3	-0,0588382	
26,4	3,08294	26,4	3,04776	26,4	-0,0546007	
26,5	3,07792	26,5	3,00806	26,5	-0,0518224	
26,6	3,07829	26,6	2,98613	26,6	-0,0500745	
26,7	3,08132	26,7	2,99433	26,7	-0,0471097	
26,8	3,0827	26,8	2,99259	26,8	-0,0463918	
26,9	3,08187	26,9	3,0183	26,9	-0,0465387	
27	3,08192	27	3,02415	27	-0,0466915	
27,1	3,07847	27,1	2,98955	27,1	-0,0451798	
27,2	3,07888	27,2	2,99355	27,2	-0,0440077	
27,3	3,08387	27,3	3,00857	27,3	-0,0429277	
27,4	3,08952	27,4	3,03294	27,4	-0,0422507	
27,5	3,08366	27,5	3,02053	27,5	-0,0478871	
27,6	3,08033	27,6	3,00092	27,6	-0,0528373	
27,7	3,07684	27,7	2,99097	27,7	-0,0558367	
27,8	3,07581	27,8	2,98887	27,8	-0,0577097	
27,9	3,07972	27,9	3,00752	27,9	-0,0531133	
28	3,08056	28	3,01198	28	-0,0528247	
28,1	3,08489	28,1	3,03519	28,1	-0,0470681	
28,2	3,08136	28,2	3,02544	28,2	-0,0493904	
28,3	3,08556	28,3	3,04793	28,3	-0,0478586	
28,4	3,08123	28,4	3,03422	28,4	-0,0484838	
28,5	3,07953	28,5	3,03161	28,5	-0,0488282	
28,6	3,07684	28,6	3,02436	28,6	-0,050986	
28,7	3,07366	28,7	3,02368	28,7	-0,0517633	
28,8	3,07346	28,8	3,02688	28,8	-0,0521595	
28,9	3,07292	28,9	3,0272	28,9	-0,0546978	
29	3,0754	29	3,03154	29	-0,0529477	
29,1	3,07261	29,1	3,03317	29,1	-0,051911	
29,2	3,07011	29,2	3,02879	29,2	-0,0518687	
29,3	3,07259	29,3	3,03473	29,3	-0,0520362	
29,4	3,07298	29,4	3,03764	29,4	-0,0516443	
29,5	3,07279	29,5	3,03717	29,5	-0,0514556	
29,6	3,07743	29,6	3,05131	29,6	-0,0486411	
29,7	3,07212	29,7	3,04348	29,7	-0,0500048	
29,8	3,06724	29,8	3,0364	29,8	-0,0529622	
29,9	3,06182	29,9	3,02588	29,9	-0,0541023	
30	3,06834	30	3,03723	30	-0,0499872	
30,1	3,06853	30,1	3,03929	30,1	-0,047149	
30,2	3,06006	30,2	3,0294	30,2	-0,050004	
30,3	3,05778	30,3	3,02641	30,3	-0,0497914	
30,4	3,06153	30,4	3,03187	30,4	-0,0470722	
30,5	3,05744	30,5	3,02824	30,5	-0,0437236	
30,6	3,05354	30,6	3,02272	30,6	-0,0395416	
30,7	3,05687	30,7	3,02636	30,7	-0,0282452	
30,8	3,05072	30,8	3,01945	30,8	-0,0266061	
30,9	3,05375	30,9	3,02426	30,9	-0,0209426	
31	3,05909	31	3,03251	31	-0,0167578	
31,1	3,04809	31,1	3,01887	31,1	-0,03272	
31,2	3,04619	31,2	3,01709	31,2	-0,0415167	
31,3	3,04731	31,3	3,0159	31,3	-0,0458252	
31,4	3,04381	31,4	3,01698	31,4	-0,0573036	
31,5	3,03551	31,5	3,0092	31,5	-0,0684658	
31,6	3,03471	31,6	3,00962	31,6	-0,0725098	
31,7	3,03651	31,7	3,01371	31,7	-0,0770448	
31,8	3,03529	31,8	3,01301	31,8	-0,0829226	
31,9	3,02408	31,9	2,99811	31,9	-0,093704	
32	3,02132	32	2,99782	32	-0,0992868	
32,1	3,01917	32,1	2,99792	32,1	-0,102814	
32,2	3,02064	32,2	2,9954	32,2	-0,104479	
32,3	3,01556	32,3	2,99019	32,3	-0,110003	
32,4	3,02117	32,4	2,99985	32,4	-0,10517	
32,5	3,01231	32,5	2,99019	32,5	-0,115406	
32,6	3,007	32,6	2,98461	32,6	-0,121109	
32,7	2,99836	32,7	2,97572	32,7	-0,131329	
32,8	2,98063	32,8	2,95614	32,8	-0,148638	
32,9	2,98347	32,9	2,96298	32,9	-0,147348	
33	2,96461	33	2,94223	33	-0,164391	
33,1	2,96698	33,1	2,94584	33,1	-0,166196	
33,2	2,95448	33,2	2,93228	33,2	-0,179557	
33,3	2,95721	33,3	2,93574	33,3	-0,176751	
33,4	2,92957	33,4	2,90703	33,4	-0,202949	
33,5	2,91113	33,5	2,88857	33,5	-0,22026	
33,6	2,89594	33,6	2,87512	33,6	-0,2354	
33,7	2,86643	33,7	2,84491	33,7	-0,265857	
33,8	2,84889	33,8	2,82687	33,8	-0,284467	
33,9	2,81523	33,9	2,79234	33,9	-0,318441	
34	2,79908	34	2,77666	34	-0,335631	
34,1	2,75338	34,1	2,73149	34,1	-0,382975	
34,2	2,70858	34,2	2,687	34,2	-0,426696	
34,3	2,66112	34,3	2,63899	34,3	-0,47403	
34,4	2,55329	34,4	2,52832	34,4	-0,581496	
34,5	2,4163	34,5	2,39171	34,5	-0,720248	
34,6	2,32235	34,6	2,2973	34,6	-0,815062	
34,7	2,11941	34,7	2,09396	34,7	-1,01721	
34,8	1,9559	34,8	1,93193	34,8	-1,1815	
34,9	1,72901	34,9	1,70308	34,9	-1,4078	
35	1,48233	35	1,45751	35	-1,65579	
35,1	1,19838	35,1	1,17394	35,1	-1,9414	
35,2	1,00444	35,2	0,981605	35,2	-2,13615	
35,3	0,905985	35,3	0,882365	35,3	-2,23483	
35,4	0,76575	35,4	0,740156	35,4	-2,37537	
35,5	0,663045	35,5	0,636864	35,5	-2,47843	
35,6	0,584371	35,6	0,560026	35,6	-2,55848	
35,7	0,55558	35,7	0,528092	35,7	-2,58834	
35,8	0,491147	35,8	0,462637	35,8	-2,65239	
35,9	0,476678	35,9	0,448604	35,9	-2,66654	
36	0,44079	36	0,410573	36	-2,7018	
36,1	0,385906	36,1	0,358828	36,1	-2,75955	
36,2	0,399003	36,2	0,368722	36,2	-2,74723	
36,3	0,401298	36,3	0,367593	36,3	-2,74463	
36,4	0,359972	36,4	0,327963	36,4	-2,78681	
36,5	0,335397	36,5	0,304531	36,5	-2,81335	
36,6	0,326045	36,6	0,29437	36,6	-2,82218	
36,7	0,318585	36,7	0,28575	36,7	-2,83106	
36,8	0,334909	36,8	0,297201	36,8	-2,81453	
36,9	0,300823	36,9	0,266366	36,9	-2,84944	
37	0,290444	37	0,257035	37	-2,86052	
37,1	0,284236	37,1	0,252195	37,1	-2,86766	
37,2	0,279965	37,2	0,246001	37,2	-2,87257	
37,3	0,280447	37,3	0,245322	37,3	-2,87202	
37,4	0,268528	37,4	0,235042	37,4	-2,88702	
37,5	0,27209	37,5	0,237211	37,5	-2,88471	
37,6	0,261139	37,6	0,22816	37,6	-2,89756	
37,7	0,264278	37,7	0,230852	37,7	-2,89641	
37,8	0,262084	37,8	0,229917	37,8	-2,89993	
37,9	0,260308	37,9	0,229854	37,9	-2,90446	
38	0,265912	38	0,235458	38	-2,90041	
38,1	0,270205	38,1	0,238855	38,1	-2,89674	
38,2	0,27388	38,2	0,241026	38,2	-2,89384	
38,3	0,271062	38,3	0,238038	38,3	-2,9004	
38,4	0,275962	38,4	0,243387	38,4	-2,89752	
38,5	0,284319	38,5	0,251888	38,5	-2,89072	
38,6	0,285638	38,6	0,255556	38,6	-2,89337	
38,7	0,285	38,7	0,256949	38,7	-2,89698	
38,8	0,292687	38,8	0,261575	38,8	-2,8909	
38,9	0,290483	38,9	0,259324	38,9	-2,89706	
39	0,296118	39	0,266032	39	-2,89088	
39,1	0,2963	39,1	0,266612	39,1	-2,89401	
39,2	0,299644	39,2	0,269332	39,2	-2,89242	
39,3	0,299255	39,3	0,269643	39,3	-2,89477	
39,4	0,29787	39,4	0,270686	39,4	-2,89854	
39,5	0,298507	39,5	0,268793	39,5	-2,89925	
39,6	0,294389	39,6	0,264141	39,6	-2,90559	
39,7	0,293571	39,7	0,263159	39,7	-2,90702	
39,8	0,292347	39,8	0,261099	39,8	-2,90742	
39,9	0,282151	39,9	0,254271	39,9	-2,9197	
40	0,27653	40	0,247768	40	-2,92487	
40,1	0,269707	40,1	0,241957	40,1	-2,92907	
40,2	0,262243	40,2	0,233297	40,2	-2,93863	
40,3	0,255514	40,3	0,224644	40,3	-2,94297	
40,4	0,242621	40,4	0,211701	40,4	-2,95118	
40,5	0,230808	40,5	0,203957	40,5	-2,96274	
40,6	0,220672	40,6	0,193884	40,6	-2,97281	
40,7	0,214044	40,7	0,187876	40,7	-2,97985	
40,8	0,202452	40,8	0,176349	40,8	-2,99057	
40,9	0,19686	40,9	0,169767	40,9	-2,99586	
41	0,182021	41	0,157149	41	-3,00528	
41,1	0,176255	41,1	0,148978	41,1	-3,01064	
41,2	0,170035	41,2	0,140887	41,2	-3,01876	
41,3	0,155459	41,3	0,129516	41,3	-3,02839	
41,4	0,144803	41,4	0,121145	41,4	-3,03581	
41,5	0,142518	41,5	0,115096	41,5	-3,0382	
41,6	0,134636	41,6	0,109119	41,6	-3,04357	
41,7	0,130332	41,7	0,104198	41,7	-3,04749	
41,8	0,121488	41,8	0,0969081	41,8	-3,05581	
41,9	0,112693	41,9	0,087852	41,9	-3,06137	
42	0,112521	42	0,0874853	42	-3,0624	
42,1	0,104271	42,1	0,0795329	42,1	-3,06712	
42,2	0,101534	42,2	0,0754786	42,2	-3,06749	
42,3	0,0973559	42,3	0,071107	42,3	-3,07196	
42,4	0,089702	42,4	0,0640889	42,4	-3,08074	
42,5	0,0931133	42,5	0,065799	42,5	-3,07715	
42,6	0,0880232	42,6	0,0615432	42,6	-3,08162	
42,7	0,0805048	42,7	0,0549244	42,7	-3,08824	
42,8	0,0844616	42,8	0,0566186	42,8	-3,08339	
42,9	0,0796733	42,9	0,0526354	42,9	-3,08378	
43	0,0757767	43	0,0481048	43	-3,08833	
43,1	0,0709164	43,1	0,0468124	43,1	-3,09261	
43,2	0,0655835	43,2	0,0439904	43,2	-3,09727	
43,3	0,0689355	43,3	0,043577	43,3	-3,09423	
43,4	0,063258	43,4	0,0386384	43,4	-3,09774	
43,5	0,0603271	43,5	0,0360416	43,5	-3,10059	
43,6	0,0597282	43,6	0,0347545	43,6	-3,10157	
43,7	0,0570396	43,7	0,0317732	43,7	-3,10278	
43,8	0,0558308	43,8	0,0306171	43,8	-3,10626	
43,9	0,0544308	43,9	0,0285941	43,9	-3,10765	
44	0,0503008	44	0,0260961	44	-3,10698	
44,1	0,0524932	44,1	0,0255375	44,1	-3,10826	
44,2	0,0499288	44,2	0,0246091	44,2	-3,11149	
44,3	0,0487578	44,3	0,0223267	44,3	-3,11223	
44,4	0,0486229	44,4	0,0222898	44,4	-3,11195	
44,5	0,0431174	44,5	0,0228536	44,5	-3,11219	
44,6	0,0411091	44,6	0,0183145	44,6	-3,1149	
44,7	0,0451595	44,7	0,0181011	44,7	-3,11374	
44,8	0,0442797	44,8	0,0146082	44,8	-3,11557	
44,9	0,0448603	44,9	0,0151854	44,9	-3,11522	
45	0,0426828	45	0,0138068	45	-3,1185	
45,1	0,038218	45,1	0,0136678	45,1	-3,11859	
45,2	0,0387919	45,2	0,0141133	45,2	-3,1179	
45,3	0,0380852	45,3	0,0128647	45,3	-3,11816	
45,4	0,0363678	45,4	0,0117232	45,4	-3,12022	
45,5	0,0347057	45,5	0,00832016	45,5	-3,12681	
45,6	0,0357565	45,6	0,00772122	45,6	-3,12367	
45,7	0,0384659	45,7	0,00850086	45,7	-3,12099	
45,8	0,0364925	45,8	0,00743887	45,8	-3,12411	
45,9	0,0342977	45,9	0,00783009	45,9	-3,12465	
46	0,0351665	46	0,00703857	46	-3,12645	
46,1	0,035375	46,1	0,00683706	46,1	-3,12507	
46,2	0,0354173	46,2	0,00476198	46,2	-3,12522	
46,3	0,0340085	46,3	0,00210029	46,3	-3,12782	
46,4	0,0322969	46,4	0,00231318	46,4	-3,12849	
46,5	0,0309169	46,5	0,00212324	46,5	-3,13062	
46,6	0,0312408	46,6	0,00143005	46,6	-3,12935	
46,7	0,0299395	46,7	0,00275901	46,7	-3,12571	
46,8	0,0322098	46,8	-0,00413877	46,8	-3,1296	
46,9	0,0309502	46,9	-0,00247935	46,9	-3,12755	
47	0,0310801	47	-0,00181811	47	-3,12849	
47,1	0,0316549	47,1	-0,00319155	47,1	-3,12728	
47,2	0,0305219	47,2	-0,00247674	47,2	-3,12907	
47,3	0,0301493	47,3	-0,00176238	47,3	-3,13179	
47,4	0,0306644	47,4	-0,00167316	47,4	-3,13085	
47,5	0,0297074	47,5	-0,00146649	47,5	-3,13089	
47,6	0,031775	47,6	-0,00381728	47,6	-3,13172	
47,7	0,0283638	47,7	-0,00333749	47,7	-3,12915	
47,8	0,0240436	47,8	-0,00200217	47,8	-3,13104	
47,9	0,0275982	47,9	-0,00440039	47,9	-3,12983	
48	0,0287181	48	-0,00589976	48	-3,13212	
48,1	0,0289164	48,1	-0,00870581	48,1	-3,13366	
48,2	0,0306113	48,2	-0,00770871	48,2	-3,13131	
48,3	0,0286909	48,3	-0,00963741	48,3	-3,13317	
48,4	0,0295006	48,4	-0,00889178	48,4	-3,13296	
48,5	0,0298819	48,5	-0,010316	48,5	-3,13341	
48,6	0,0288619	48,6	-0,0101116	48,6	-3,13279	
48,7	0,0279989	48,7	-0,0108688	48,7	-3,13395	
48,8	0,0278768	48,8	-0,0130323	48,8	-3,13698	
48,9	0,0260782	48,9	-0,0111681	48,9	-3,13444	
49	0,0219107	49	-0,01004	49	-3,13201	
49,1	0,0258376	49,1	-0,0134864	49,1	-3,13012	
49,2	0,0274147	49,2	-0,0125921	49,2	-3,13501	
49,3	0,0286987	49,3	-0,0139496	49,3	-3,13597	
49,4	0,0248574	49,4	-0,0123433	49,4	-3,13471	
49,5	0,02719	49,5	-0,0121833	49,5	-3,13119	
49,6	0,028477	49,6	-0,0144342	49,6	-3,13111	
49,7	0,0256433	49,7	-0,0149765	49,7	-3,13508	
49,8	0,0243241	49,8	-0,0159351	49,8	-3,13413	
49,9	0,0249592	49,9	-0,0188821	49,9	-3,13443	
50	0,0297997	50	-0,0224105	50	-3,13779	
50,1	0,0272728	50,1	-0,0185755	50,1	-3,13502	
50,2	0,0294701	50,2	-0,0194491	50,2	-3,13216	
50,3	0,0311739	50,3	-0,0204919	50,3	-3,13179	
50,4	0,0268772	50,4	-0,0169346	50,4	-3,12942	
50,5	0,0277306	50,5	-0,0173924	50,5	-3,12683	
50,6	0,0270306	50,6	-0,0179342	50,6	-3,12639	
50,7	0,0275621	50,7	-0,0186346	50,7	-3,1265	
50,8	0,028704	50,8	-0,0211836	50,8	-3,12763	
50,9	0,0267262	50,9	-0,0208656	50,9	-3,12636	
51	0,0299436	51	-0,0207042	51	-3,12775	
51,1	0,0299592	51,1	-0,0199106	51,1	-3,12466	
51,2	0,028555	51,2	-0,0229569	51,2	-3,12628	
51,3	0,0293806	51,3	-0,0272742	51,3	-3,12711	
51,4	0,0302118	51,4	-0,0259436	51,4	-3,12413	
51,5	0,0315395	51,5	-0,0252971	51,5	-3,12551	
51,6	0,0286626	51,6	-0,0242066	51,6	-3,12392	
51,7	0,0264067	51,7	-0,0233776	51,7	-3,12166	
51,8	0,0314155	51,8	-0,0291878	51,8	-3,12383	
51,9	0,0328355	51,9	-0,031569	51,9	-3,12492	
52	0,0296807	52	-0,0279645	52	-3,12061	
52,1	0,0266293	52,1	-0,022418	52,1	-3,11842	
52,2	0,0364234	52,2	-0,0292127	52,2	-3,12286	
52,3	0,0359566	52,3	-0,0333661	52,3	-3,12538	
52,4	0,0406682	52,4	-0,0333837	52,4	-3,12651	
52,5	0,0394724	52,5	-0,0322289	52,5	-3,12577	
52,6	0,0316585	52,6	-0,0297266	52,6	-3,12654	
52,7	0,0399375	52,7	-0,031987	52,7	-3,1293	
52,8	0,0435432	52,8	-0,0392849	52,8	-3,13589	
52,9	0,0398275	52,9	-0,0387044	52,9	-3,13608	
53	0,0337124	53	-0,034485	53	-3,1351	
53,1	0,0424043	53,1	-0,0421875	53,1	3,13935	
53,2	0,0402287	53,2	-0,0414845	53,2	3,13894	
53,3	0,041706	53,3	-0,0365004	53,3	-3,14075	
53,4	0,0402483	53,4	-0,0355373	53,4	-3,13894	
53,5	0,0442575	53,5	-0,0415181	53,5	3,13708	
53,6	0,0427899	53,6	-0,0409725	53,6	3,13502	
53,7	0,0463181	53,7	-0,0404765	53,7	3,13486	
53,8	0,0436524	53,8	-0,0385534	53,8	3,1356	
53,9	0,04515	53,9	-0,0417161	53,9	3,13171	
54	0,0519038	54	-0,0460758	54	3,12774	
54,1	0,0560503	54,1	-0,0490009	54,1	3,12349	
54,2	0,0525408	54,2	-0,0485356	54,2	3,12391	
54,3	0,0492498	54,3	-0,0470669	54,3	3,12316	
54,4	0,0511114	54,4	-0,0488118	54,4	3,12208	
54,5	0,0575127	54,5	-0,0512788	54,5	3,11688	
54,6	0,0535962	54,6	-0,0483904	54,6	3,11694	
54,7	0,0644557	54,7	-0,0541487	54,7	3,11312	
54,8	0,0634986	54,8	-0,0535307	54,8	3,11178	
54,9	0,0680367	54,9	-0,05718	54,9	3,1083	
55	0,0754078	55	-0,0646192	55	3,10162	
55,1	0,077362	55,1	-0,0631161	55,1	3,10398	
55,2	0,0775136	55,2	-0,0611476	55,2	3,10463	
55,3	0,0797269	55,3	-0,0612526	55,3	3,10378	
55,4	0,0879443	55,4	-0,0653327	55,4	3,09959	
55,5	0,0944683	55,5	-0,0700576	55,5	3,09385	
55,6	0,0907402	55,6	-0,06748	55,6	3,09553	
55,7	0,091468	55,7	-0,0665016	55,7	3,09897	
55,8	0,0988973	55,8	-0,0690443	55,8	3,0943	
55,9	0,11475	55,9	-0,0766175	55,9	3,08642	
56	0,125467	56	-0,0798368	56	3,083	
56,1	0,130453	56,1	-0,0789528	56,1	3,0817	
56,2	0,133576	56,2	-0,0795761	56,2	3,08183	
56,3	0,152985	56,3	-0,0852434	56,3	3,07624	
56,4	0,153491	56,4	-0,0794257	56,4	3,07975	
56,5	0,1646	56,5	-0,0874663	56,5	3,07283	
56,6	0,18225	56,6	-0,089158	56,6	3,06942	
56,7	0,218114	56,7	-0,0982651	56,7	3,06057	
56,8	0,238845	56,8	-0,101009	56,8	3,05927	
56,9	0,252865	56,9	-0,099445	56,9	3,05894	
57	0,295068	57	-0,109126	57	3,04969	
57,1	0,312531	57,1	-0,106171	57,1	3,05214	
57,2	0,349429	57,2	-0,113769	57,2	3,04545	
57,3	0,409413	57,3	-0,120203	57,3	3,03843	
57,4	0,478531	57,4	-0,121966	57,4	3,03632	
57,5	0,568796	57,5	-0,131436	57,5	3,02823	
57,6	0,662804	57,6	-0,133066	57,6	3,02427	
57,7	0,76451	57,7	-0,135946	57,7	3,0205	
57,8	0,911253	57,8	-0,145403	57,8	3,01255	
57,9	1,12417	57,9	-0,159064	57,9	2,9994	
58	1,31968	58	-0,161603	58	2,99555	
58,1	1,53695	58,1	-0,162416	58,1	2,99439	
58,2	1,72853	58,2	-0,165463	58,2	2,9929	
58,3	1,91598	58,3	-0,185948	58,3	2,97267	
58,4	1,95158	58,4	-0,201295	58,4	2,95783	
58,5	2,11313	58,5	-0,215238	58,5	2,94272	
58,6	2,21157	58,6	-0,224389	58,6	2,9332	
58,7	2,28246	58,7	-0,245061	58,7	2,91342	
58,8	2,33096	58,8	-0,245712	58,8	2,91127	
58,9	2,34738	58,9	-0,263377	58,9	2,89473	
59	2,40997	59	-0,27264	59	2,88542	
59,1	2,42259	59,1	-0,294086	59,1	2,86396	
59,2	2,42423	59,2	-0,325732	59,2	2,83225	
59,3	2,42214	59,3	-0,357327	59,3	2,79967	
59,4	2,39478	59,4	-0,386594	59,4	2,77133	
59,5	2,40401	59,5	-0,418712	59,5	2,73875	
59,6	2,37049	59,6	-0,467077	59,6	2,69009	
59,7	2,31791	59,7	-0,522494	59,7	2,63581	
59,8	2,30074	59,8	-0,565804	59,8	2,59174	
59,9	2,2543	59,9	-0,638288	59,9	2,51801	
60	2,16177	60	-0,727637	60	2,42937	
60,1	2,07783	60,1	-0,82668	60,1	2,32983	
60,2	1,95483	60,2	-0,949655	60,2	2,20816	
60,3	1,7921	60,3	-1,12293	60,3	2,03489	
60,4	1,60892	60,4	-1,30135	60,4	1,85784	
60,5	1,38788	60,5	-1,54102	60,5	1,61671	
60,6	1,26695	60,6	-1,67475	60,6	1,48166	
60,7	1,04346	60,7	-1,91113	60,7	1,24498	
60,8	0,901148	60,8	-2,04721	60,8	1,10943	
60,9	0,730733	60,9	-2,22938	60,9	0,927231	
61	0,613922	61	-2,36237	61	0,793864	
61,1	0,531888	61,1	-2,4446	61,1	0,711528	
61,2	0,469543	61,2	-2,50712	61,2	0,64962	
61,3	0,420629	61,3	-2,55967	61,3	0,59764	
61,4	0,350347	61,4	-2,64275	61,4	0,513452	
61,5	0,307882	61,5	-2,69219	61,5	0,463294	
61,6	0,284514	61,6	-2,71282	61,6	0,443962	
61,7	0,253731	61,7	-2,74719	61,7	0,409648	
61,8	0,236894	61,8	-2,76439	61,8	0,392294	
61,9	0,214037	61,9	-2,78883	61,9	0,368756	
62	0,184755	62	-2,82871	62	0,327158	
62,1	0,176849	62,1	-2,83473	62,1	0,321434	
62,2	0,161118	62,2	-2,85742	62,2	0,298983	
62,3	0,148515	62,3	-2,87578	62,3	0,281449	
62,4	0,135005	62,4	-2,89412	62,4	0,262671	
62,5	0,127522	62,5	-2,9015	62,5	0,255665	
62,6	0,111377	62,6	-2,92281	62,6	0,23411	
62,7	0,104314	62,7	-2,93606	62,7	0,220228	
62,8	0,101301	62,8	-2,93666	62,8	0,220289	
62,9	0,102837	62,9	-2,93035	62,9	0,228521	
63	0,0884418	63	-2,95533	63	0,201441	
63,1	0,0879523	63,1	-2,95519	63,1	0,202377	
63,2	0,0869068	63,2	-2,95163	63,2	0,206368	
63,3	0,0799585	63,3	-2,96088	63,3	0,194106	
63,4	0,0720225	63,4	-2,97872	63,4	0,17524	
63,5	0,0743963	63,5	-2,9699	63,5	0,186303	
63,6	0,0675292	63,6	-2,9784	63,6	0,178294	
63,7	0,0563883	63,7	-3,00342	63,7	0,149816	
63,8	0,0587986	63,8	-2,99891	63,8	0,155993	
63,9	0,0578459	63,9	-2,99624	63,9	0,158253	
64	0,0559772	64	-2,99966	64	0,155019	
64,1	0,0503271	64,1	-3,01484	64,1	0,140456	
64,2	0,0515103	64,2	-3,00672	64,2	0,149407	
64,3	0,047952	64,3	-3,01425	64,3	0,139773	
64,4	0,0450012	64,4	-3,01856	64,4	0,136412	
64,5	0,0521141	64,5	-2,99727	64,5	0,15856	
64,6	0,0474438	64,6	-3,00993	64,6	0,145506	
64,7	0,0444684	64,7	-3,01793	64,7	0,137304	
64,8	0,0394788	64,8	-3,02875	64,8	0,126321	
64,9	0,0360135	64,9	-3,0341	64,9	0,118772	
65	0,0380836	65	-3,02547	65	0,129902	
65,1	0,0328359	65,1	-3,0413	65,1	0,113912	
65,2	0,0355598	65,2	-3,03367	65,2	0,121836	
65,3	0,0354251	65,3	-3,03485	65,3	0,120968	
65,4	0,0317795	65,4	-3,043	65,4	0,11197	
65,5	0,0332648	65,5	-3,03701	65,5	0,119027	
65,6	0,0328858	65,6	-3,03901	65,6	0,117079	
65,7	0,0301091	65,7	-3,04487	65,7	0,109051	
65,8	0,0291241	65,8	-3,047	65,8	0,107754	
65,9	0,0237434	65,9	-3,05958	65,9	0,0939265	
66	0,0262466	66	-3,05519	66	0,0946084	
66,1	0,030808	66,1	-3,04496	66,1	0,105374	
66,2	0,0267632	66,2	-3,04989	66,2	0,103554	
66,3	0,0270838	66,3	-3,04644	66,3	0,106895	
66,4	0,0277146	66,4	-3,04671	66,4	0,103134	
66,5	0,025686	66,5	-3,049	66,5	0,104718	
66,6	0,02546	66,6	-3,05099	66,6	0,104052	
66,7	0,0260394	66,7	-3,05397	66,7	0,101271	
66,8	0,0261231	66,8	-3,06011	66,8	0,0929059	
66,9	0,025266	66,9	-3,05781	66,9	0,0999045	
67	0,0216984	67	-3,0601	67	0,096705	
67,1	0,0188745	67,1	-3,06756	67,1	0,0891454	
67,2	0,0222364	67,2	-3,05785	67,2	0,103958	
67,3	0,018851	67,3	-3,06663	67,3	0,084751	
67,4	0,0183457	67,4	-3,06406	67,4	0,09009	
67,5	0,0210041	67,5	-3,06086	67,5	0,0974622	
67,6	0,019536	67,6	-3,06381	67,6	0,0960987	
67,7	0,0187021	67,7	-3,06809	67,7	0,0897339	
67,8	0,0197472	67,8	-3,06174	67,8	0,0945868	
67,9	0,0181791	67,9	-3,06836	67,9	0,0876679	
68	0,0192573	68	-3,06401	68	0,0907961	
68,1	0,0172267	68,1	-3,07113	68,1	0,0837388	
68,2	0,0201129	68,2	-3,06415	68,2	0,0821762	
68,3	0,0162535	68,3	-3,07204	68,3	0,0739935	
68,4	0,0160518	68,4	-3,06872	68,4	0,0817721	
68,5	0,0178491	68,5	-3,06134	68,5	0,0971824	
68,6	0,0191406	68,6	-3,06459	68,6	0,0935765	
68,7	0,0163409	68,7	-3,07407	68,7	0,0844527	
68,8	0,0157875	68,8	-3,0731	68,8	0,0869653	
68,9	0,0159648	68,9	-3,07391	68,9	0,0848586	
69	0,0125868	69	-3,07934	69	0,075931	
69,1	0,0182283	69,1	-3,05558	69,1	0,105854	
69,2	0,0153975	69,2	-3,07267	69,2	0,084729	
69,3	0,0159361	69,3	-3,07235	69,3	0,084445	
69,4	0,0156054	69,4	-3,07622	69,4	0,0769059	
69,5	0,013899	69,5	-3,08004	69,5	0,0786254	
69,6	0,0154045	69,6	-3,07902	69,6	0,0669518	
69,7	0,0157131	69,7	-3,07866	69,7	0,0722308	
69,8	0,0149816	69,8	-3,07721	69,8	0,0789869	
69,9	0,0141662	69,9	-3,07635	69,9	0,0781868	
70	0,0147659	70	-3,07959	70	0,0747716	
70,1	0,0148995	70,1	-3,08613	70,1	0,0783561	
70,2	0,014419	70,2	-3,09051	70,2	0,0672196	
70,3	0,0144207	70,3	-3,08628	70,3	0,0734674	
70,4	0,0141282	70,4	-3,0819	70,4	0,0755901	
70,5	0,013917	70,5	-3,07884	70,5	0,0764916	
70,6	0,0131465	70,6	-3,07411	70,6	0,0829508	
70,7	0,0134505	70,7	-3,07391	70,7	0,0801006	
70,8	0,0139303	70,8	-3,0739	70,8	0,0802884	
70,9	0,0138083	70,9	-3,08661	70,9	0,0734947	
71	0,0135524	71	-3,09277	71	0,071905	
71,1	0,0130438	71,1	-3,0883	71,1	0,072602	
71,2	0,0138954	71,2	-3,08179	71,2	0,0800628	
71,3	0,0116484	71,3	-3,08474	71,3	0,0749662	
71,4	0,0118377	71,4	-3,08625	71,4	0,078076	
71,5	0,0122741	71,5	-3,09562	71,5	0,0661541	
71,6	0,0125463	71,6	-3,09145	71,6	0,0681626	
71,7	0,0111864	71,7	-3,09551	71,7	0,0561051	
71,8	0,0138844	71,8	-3,08194	71,8	0,0725091	
71,9	0,013219	71,9	-3,08202	71,9	0,0779855	
72	0,0147589	72	-3,08939	72	0,0718827	
72,1	0,0141315	72,1	-3,09789	72,1	0,06601	
72,2	0,00924452	72,2	-3,09301	72,2	0,0690303	
72,3	0,0101978	72,3	-3,09802	72,3	0,0631568	
72,4	0,0107261	72,4	-3,10301	72,4	0,0602969	
72,5	0,0133558	72,5	-3,09089	72,5	0,0665183	
72,6	0,0136229	72,6	-3,09341	72,6	0,065254	
72,7	0,0115636	72,7	-3,09427	72,7	0,0722068	
72,8	0,0112615	72,8	-3,09632	72,8	0,0779888	
72,9	0,013613	72,9	-3,08402	72,9	0,0884841	
73	0,0123489	73	-3,08419	73	0,0784503	
73,1	0,0138068	73,1	-3,09437	73,1	0,0696575	
73,2	0,0138206	73,2	-3,08751	73,2	0,0951757	
73,3	0,0117864	73,3	-3,08495	73,3	0,0845361	
73,4	0,00906627	73,4	-3,0936	73,4	0,0774824	
73,5	0,0122527	73,5	-3,07861	73,5	0,102751	
73,6	0,0122198	73,6	-3,09607	73,6	0,0691447	
73,7	0,0123993	73,7	-3,09172	73,7	0,0771907	
73,8	0,0140352	73,8	-3,08802	73,8	0,095263	
73,9	0,0132454	73,9	-3,09281	73,9	0,0918993	
74	0,0134736	74	-3,09745	74	0,0817184	
74,1	0,0106738	74,1	-3,09778	74,1	0,0768569	
74,2	0,0104775	74,2	-3,10688	74,2	0,0675268	
74,3	0,0109273	74,3	-3,11176	74,3	0,0609841	
74,4	0,0119104	74,4	-3,10208	74,4	0,0778529	
74,5	0,0151217	74,5	-3,10282	74,5	0,0761357	
74,6	0,0138004	74,6	-3,10581	74,6	0,0769803	
74,7	0,0111482	74,7	-3,10179	74,7	0,0820052	
74,8	0,01245	74,8	-3,09829	74,8	0,0961501	
74,9	0,0171144	74,9	-3,09197	74,9	0,0923263	
75	0,0160758	75	-3,09531	75	0,0947416	
75,1	0,0108639	75,1	-3,11123	75,1	0,0805911	
75,2	0,0111106	75,2	-3,1146	75,2	0,0846379	
75,3	0,012622	75,3	-3,11178	75,3	0,080231	
75,4	0,013091	75,4	-3,10575	75,4	0,0916249	
75,5	0,0129178	75,5	-3,12026	75,5	0,0795052	
75,6	0,0132292	75,6	-3,12025	75,6	0,105868	
75,7	0,0115315	75,7	-3,12972	75,7	0,0896455	
75,8	0,0146433	75,8	-3,12917	75,8	0,0898508	
75,9	0,0173858	75,9	-3,11629	75,9	0,11408	
76	0,0166576	76	-3,12577	76	0,107201	
76,1	0,0159769	76,1	-3,13244	76,1	0,114475	
76,2	0,0168944	76,2	-3,13544	76,2	0,109777	
76,3	0,0170861	76,3	3,1406	76,3	0,10965	
76,4	0,0147382	76,4	-3,14076	76,4	0,144618	
76,5	0,0145538	76,5	3,13175	76,5	0,158045	
76,6	0,0149078	76,6	3,11971	76,6	0,147289	
76,7	0,0168854	76,7	3,11441	76,7	0,157641	
76,8	0,0175922	76,8	3,09711	76,8	0,162475	
76,9	0,019618	76,9	3,10799	76,9	0,209014	
77	0,0210383	77	3,10684	77	0,233217	
77,1	0,023724	77,1	3,09546	77,1	0,214476	
77,2	0,0236168	77,2	3,08227	77,2	0,228296	
77,3	0,0240282	77,3	3,06946	77,3	0,265099	
77,4	0,024934	77,4	3,0591	77,4	0,292964	
77,5	0,029786	77,5	3,0466	77,5	0,340671	
77,6	0,0333339	77,6	3,03337	77,6	0,35963	
77,7	0,0342677	77,7	3,02191	77,7	0,362589	
77,8	0,0369991	77,8	2,98677	77,8	0,44001	
77,9	0,038966	77,9	2,96666	77,9	0,485989	
78	0,0432861	78	2,94045	78	0,554518	
78,1	0,0467585	78,1	2,89898	78,1	0,537275	
78,2	0,0503898	78,2	2,88854	78,2	0,593976	
78,3	0,0508574	78,3	2,8471	78,3	0,597883	
78,4	0,0557513	78,4	2,80755	78,4	0,627774	
78,5	0,0561717	78,5	2,77547	78,5	0,627864	
78,6	0,0560327	78,6	2,75572	78,6	0,630691	
78,7	0,0600557	78,7	2,73658	78,7	0,626188	
78,8	0,0618528	78,8	2,70255	78,8	0,613032	
78,9	0,0630239	78,9	2,68283	78,9	0,587453	
79	0,06195	79	2,65918	79	0,570223	
79,1	0,0582917	79,1	2,63287	79,1	0,53332	
79,2	0,0571303	79,2	2,65831	79,2	0,48177	
79,3	0,053213	79,3	2,67874	79,3	0,445298	
79,4	0,0529314	79,4	2,68646	79,4	0,421611	
79,5	0,0489891	79,5	2,69278	79,5	0,401319	
79,6	0,0438921	79,6	2,74433	79,6	0,364826	
79,7	0,0414122	79,7	2,77739	79,7	0,341637	
79,8	0,041225	79,8	2,81531	79,8	0,319852	
79,9	0,0409569	79,9	2,84603	79,9	0,301446	
80	0,0339265	80	2,86171	80	0,279522	
80,1	0,0294842	80,1	2,88809	80,1	0,256293	
80,2	0,0280555	80,2	2,90768	80,2	0,241532	
80,3	0,0289413	80,3	2,92756	80,3	0,239876	
80,4	0,0295864	80,4	2,96504	80,4	0,23334	
80,5	0,0292147	80,5	2,96351	80,5	0,217622	
80,6	0,0266642	80,6	2,97364	80,6	0,20767	
80,7	0,0284362	80,7	3,00591	80,7	0,22428	
80,8	0,0283373	80,8	3,01679	80,8	0,208907	
80,9	0,0260856	80,9	3,01421	80,9	0,18399	
81	0,023501	81	3,04274	81	0,189699	
81,1	0,0229035	81,1	3,09201	81,1	0,189687	
81,2	0,023086	81,2	3,07505	81,2	0,171856	
81,3	0,0220874	81,3	3,04879	81,3	0,138608	
81,4	0,0250544	81,4	3,0605	81,4	0,15186	
81,5	0,0235897	81,5	3,08296	81,5	0,151634	
81,6	0,0209538	81,6	3,12342	81,6	0,165413	
81,7	0,0186347	81,7	3,10164	81,7	0,149018	
81,8	0,0186203	81,8	3,10567	81,8	0,154101	
81,9	0,0215124	81,9	3,10814	81,9	0,169962	
82	0,0194918	82	3,12239	82	0,151005	
82,1	0,0203535	82,1	3,1078	82,1	0,138678	
82,2	0,0205283	82,2	3,09093	82,2	0,127392	
82,3	0,0198195	82,3	3,12115	82,3	0,104018	
82,4	0,0184319	82,4	3,09382	82,4	0,116345	
82,5	0,0158161	82,5	3,111	82,5	0,103908	
82,6	0,0148416	82,6	3,11793	82,6	0,117402	
82,7	0,0135885	82,7	3,12978	82,7	0,0920699	
82,8	0,0155659	82,8	3,12724	82,8	0,111421	
82,9	0,0151118	82,9	3,12187	82,9	0,106564	
83	0,0172165	83	3,12415	83	0,117955	
83,1	0,0185976	83,1	-3,11453	83,1	0,0811012	
83,2	0,0177067	83,2	-3,12537	83,2	0,0858952	
83,3	0,0188111	83,3	-3,11759	83,3	0,113821	
83,4	0,0186875	83,4	-3,09708	83,4	0,121173	
83,5	0,0174451	83,5	-3,08881	83,5	0,146421	
83,6	0,019152	83,6	-3,11675	83,6	0,114663	
83,7	0,0154773	83,7	-3,11647	83,7	0,0779575	
83,8	0,0101582	83,8	-3,1393	83,8	0,045409	
83,9	0,0152836	83,9	-3,10283	83,9	0,091226	
84	0,0157631	84	-3,1191	84	0,0976033	
84,1	0,0172617	84,1	-3,13783	84,1	0,0833508	
84,2	0,0167598	84,2	-3,10992	84,2	0,119375	
84,3	0,0196888	84,3	-3,10038	84,3	0,110602	
84,4	0,0190555	84,4	-3,12086	84,4	0,117893	
84,5	0,0164827	84,5	-3,11967	84,5	0,116169	
84,6	0,0183087	84,6	-3,11355	84,6	0,106603	
84,7	0,0146407	84,7	-3,11539	84,7	0,0928366	
84,8	0,0145354	84,8	-3,12738	84,8	0,0921961	
84,9	0,014745	84,9	-3,10297	84,9	0,134984	
85	0,0157455	85	-3,1019	85	0,12996	
85,1	0,0155878	85,1	-3,09364	85,1	0,108945	
85,2	0,0196557	85,2	-3,12602	85,2	0,0783897	
85,3	0,0166175	85,3	-3,10368	85,3	0,0714407	
85,4	0,018558	85,4	-3,06728	85,4	0,0931872	
85,5	0,0196332	85,5	-3,08719	85,5	0,0891795	
85,6	0,0178818	85,6	-3,08949	85,6	0,112897	
85,7	0,0147569	85,7	-3,06482	85,7	0,136566	
85,8	0,0175267	85,8	-3,06703	85,8	0,0957082	
85,9	0,0162827	85,9	-3,05928	85,9	0,0990668	
86	0,0149394	86	-3,05904	86	0,0626818	
86,1	0,017069	86,1	-3,09795	86,1	0,0790515	
86,2	0,0155908	86,2	-3,07033	86,2	0,119483	
86,3	0,0142007	86,3	-3,10403	86,3	0,0511979	
86,4	0,0157885	86,4	-3,07139	86,4	0,0623628	
86,5	0,0162546	86,5	-3,09499	86,5	0,0816259	
86,6	0,0166059	86,6	-3,11111	86,6	0,0805528	
86,7	0,0150137	86,7	-3,07805	86,7	0,0798605	
86,8	0,0199809	86,8	-3,063	86,8	0,0677472	
86,9	0,018123	86,9	-3,05218	86,9	0,0853755	
87	0,0172264	87	-3,05923	87	0,114408	
87,1	0,0200131	87,1	-3,05827	87,1	0,0855693	
87,2	0,020901	87,2	-3,08964	87,2	0,0923063	
87,3	0,0229006	87,3	-3,05109	87,3	0,0444582	
87,4	0,0189276	87,4	-3,06992	87,4	0,0831782	
87,5	0,0163172	87,5	-3,04879	87,5	0,0837466	
87,6	0,0154924	87,6	-3,08613	87,6	0,0705042	
87,7	0,0170917	87,7	-3,0637	87,7	0,0877751	
87,8	0,0164704	87,8	-3,0676	87,8	0,0566011	
87,9	0,0174427	87,9	-3,07907	87,9	0,0824778	
88	0,0153726	88	-3,08024	88	0,0650359	
88,1	0,0173392	88,1	-3,08592	88,1	0,0337626	
88,2	0,0175635	88,2	-3,02593	88,2	0,130723	
88,3	0,0172733	88,3	-3,0442	88,3	0,118113	
88,4	0,0179083	88,4	-3,10018	88,4	0,0468467	
88,5	0,0144299	88,5	-3,08724	88,5	0,066893	
88,6	0,0135732	88,6	-3,0685	88,6	0,0509297	
88,7	0,0184827	88,7	-3,04049	88,7	0,10766	
88,8	0,0194965	88,8	-3,03714	88,8	0,0977072	
88,9	0,0236978	88,9	-3,0607	88,9	0,0977949	
89	0,0238285	89	-3,06565	89	0,0953799	
89,1	0,022552	89,1	-3,07356	89,1	0,0182174	
89,2	0,0233291	89,2	-3,03532	89,2	0,0383491	
89,3	0,0212435	89,3	-3,10696	89,3	0,0743434	
89,4	0,0216675	89,4	-3,11737	89,4	0,0622667	
89,5	0,0225162	89,5	-3,0368	89,5	0,0786302	
89,6	0,0235657	89,6	-2,9673	89,6	0,097061	
89,7	0,0214031	89,7	-3,01095	89,7	0,100527	
89,8	0,0276409	89,8	-3,10002	89,8	0,080376	
89,9	0,0264224	89,9	-3,03705	89,9	0,0695877	
90	0,0233013	90	-3,05861	90	0,037033	
90,1	0,0254033	90,1	-3,06852	90,1	0,0803088	
90,2	0,0242474	90,2	3,13833	90,2	0,0776523	
90,3	0,0246346	90,3	-2,9373	90,3	0,119265	
90,4	0,0200567	90,4	-3,01059	90,4	0,0470289	
90,5	0,0268454	90,5	-3,05816	90,5	0,00926231	
90,6	0,0241344	90,6	-3,134	90,6	-0,0386096	
90,7	0,0258554	90,7	-3,1018	90,7	0,0156288	
90,8	0,0270775	90,8	-2,98724	90,8	0,0992712	
90,9	0,0259293	90,9	-3,02317	90,9	0,0584631	
91	0,0265205	91	-2,97001	91	0,028029	
91,1	0,024412	91,1	-2,99243	91,1	0,0568582	
91,2	0,0192546	91,2	-3,03126	91,2	0,0948372	
91,3	0,0205221	91,3	-3,02356	91,3	0,0569982	
91,4	0,0223986	91,4	-2,98212	91,4	0,0165192	
91,5	0,0306867	91,5	-2,96469	91,5	0,0272673	
91,6	0,0269182	91,6	-2,97798	91,6	0,0247272	
91,7	0,0257608	91,7	-3,00993	91,7	0,0553079	
91,8	0,0270004	91,8	-3,0196	91,8	0,00494817	
91,9	0,0293305	91,9	-2,88348	91,9	0,1007	
92	0,0263736	92	-2,97019	92	0,0107756	
92,1	0,0289605	92,1	-2,82473	92,1	0,107002	
92,2	0,0347979	92,2	-2,63296	92,2	0,138553	
92,3	0,0342496	92,3	-2,68056	92,3	0,10309	
92,4	0,0324281	92,4	-2,82156	92,4	0,0762441	
92,5	0,029872	92,5	-3,02041	92,5	0,0500081	
92,6	0,0298939	92,6	-3,02947	92,6	0,0758595	
92,7	0,0286516	92,7	-3,00114	92,7	-0,00652921	
92,8	0,0297384	92,8	-2,85484	92,8	0,061373	
92,9	0,0263815	92,9	-2,82798	92,9	0,0880649	
93	0,0306119	93	-2,9518	93	0,00859319	
93,1	0,0264785	93,1	-2,86044	93,1	0,0242637	
93,2	0,0287552	93,2	-2,86731	93,2	0,00408406	
93,3	0,0278128	93,3	-2,81221	93,3	0,0701576	
93,4	0,029381	93,4	-2,8496	93,4	0,116618	
93,5	0,0280045	93,5	-2,91857	93,5	0,0841691	
93,6	0,033274	93,6	-2,88761	93,6	0,0746874	
93,7	0,0307863	93,7	-2,79368	93,7	0,118651	
93,8	0,031994	93,8	-2,81957	93,8	0,0899425	
93,9	0,0354565	93,9	-2,8151	93,9	0,0880703	
94	0,032584	94	-2,57943	94	0,0746218	
94,1	0,0351053	94,1	-2,21445	94,1	0,112751	
94,2	0,0356217	94,2	-2,23941	94,2	0,0980353	
94,3	0,0330605	94,3	-2,20356	94,3	0,101669	
94,4	0,0322041	94,4	-2,00394	94,4	0,0874857	
94,5	0,0333069	94,5	-2,14427	94,5	0,0405027	
94,6	0,0347286	94,6	-2,20847	94,6	0,0560363	
94,7	0,0298586	94,7	-2,79868	94,7	0,0662333	
94,8	0,0348203	94,8	-2,00271	94,8	0,00794152	
94,9	0,0425926	94,9	-2,07762	94,9	-0,0141333	
95	0,0414785	95	-1,63779	95	0,00773175	
95,1	0,0359077	95,1	-1,05056	95,1	0,0829424	
95,2	0,0329295	95,2	-0,953308	95,2	0,070379	
95,3	0,0427144	95,3	-1,0437	95,3	0,00707416	
95,4	0,0453614	95,4	-0,903141	95,4	0,00201781	
95,5	0,0412361	95,5	-0,505915	95,5	0,0137062	
95,6	0,0391136	95,6	-0,516665	95,6	0,0977459	
95,7	0,0384999	95,7	-0,41611	95,7	0,111549	
95,8	0,0393265	95,8	-0,566598	95,8	0,141719	
95,9	0,0383509	95,9	-0,164925	95,9	0,101638	
96	0,0481322	96	-0,415369	96	0,0458079	
96,1	0,0492756	96,1	-0,289116	96,1	0,0220451	
96,2	0,0473636	96,2	-0,27183	96,2	0,0340469	
96,3	0,044477	96,3	-0,328825	96,3	0,0546852	
96,4	0,0465646	96,4	-0,402891	96,4	0,0892664	
96,5	0,055119	96,5	-0,426733	96,5	0,134336	
96,6	0,0544829	96,6	-0,311794	96,6	0,0781303	
96,7	0,0517862	96,7	-0,276367	96,7	0,0281731	
96,8	0,0514218	96,8	-0,268019	96,8	0,127184	
96,9	0,0502579	96,9	-0,203517	96,9	0,0584368	
97	0,0471141	97	-0,192333	97	0,0909241	
97,1	0,0490016	97,1	-0,207702	97,1	0,124139	
97,2	0,0579807	97,2	-0,228279	97,2	0,0983324	
97,3	0,0583733	97,3	-0,180799	97,3	0,0300718	
97,4	0,0537357	97,4	-0,127915	97,4	0,0818177	
97,5	0,0513037	97,5	-0,193375	97,5	0,0860676	
97,6	0,0499113	97,6	-0,185631	97,6	0,0612197	
97,7	0,0521833	97,7	-0,241716	97,7	0,0470887	
97,8	0,0597088	97,8	-0,252602	97,8	0,101144	
97,9	0,0691001	97,9	-0,0817704	97,9	0,126554	
98	0,0712549	98	-0,195063	98	0,152482	
98,1	0,0663128	98,1	-0,172396	98,1	0,0919745	
98,2	0,0665328	98,2	-0,150863	98,2	-0,0188477	
98,3	0,0569551	98,3	-0,146422	98,3	0,0142707	
98,4	0,0545992	98,4	-0,10266	98,4	0,055786	
98,5	0,0616942	98,5	-0,119714	98,5	0,0227175	
98,6	0,0573584	98,6	-0,0912242	98,6	-0,0137637	
98,7	0,0582683	98,7	-0,0444669	98,7	0,0191087	
98,8	0,0619551	98,8	-0,105085	98,8	0,1122	
98,9	0,0665703	98,9	-0,108768	98,9	0,0881303	
99	0,0707253	99	-0,130452	99	0,117336	
99,1	0,0593136	99,1	-0,0550299	99,1	0,0806428	
99,2	0,0602888	99,2	-0,0959024	99,2	0,0525129	
99,3	0,0681857	99,3	-0,0987778	99,3	0,00436501	
99,4	0,0700867	99,4	-0,0808843	99,4	0,0451771	
99,5	0,074492	99,5	-0,0657187	99,5	0,0416811	
99,6	0,0663675	99,6	-0,0877205	99,6	0,0451273	
99,7	0,0698378	99,7	-0,192546	99,7	0,0431608	
99,8	0,0702884	99,8	-0,178809	99,8	0,0400165	
99,9	0,0665975	99,9	-0,11989	99,9	0,0241614	
100	0,0700961	100	-0,0914989	100	0,0118167	
