Frekvenca [Hz] - Palica 1	Amplituda frekv. prenosne funkcije [dB] - Palica 1	Frekvenca [Hz] - Palica 2	Amplituda frekv. prenosne funkcije [dB] - Palica 2	Frekvenca [Hz] - Palica 3	Amplituda frekv. prenosne funkcije [dB] - Palica 3	
10	-39,2416	10	-38,5612	10	-37,6847	
10,1	-38,8448	10,1	-38,2026	10,1	-37,2487	
10,2	-38,6364	10,2	-37,9699	10,2	-36,9397	
10,3	-38,2703	10,3	-37,1868	10,3	-36,0871	
10,4	-37,7401	10,4	-36,7259	10,4	-35,8736	
10,5	-36,9833	10,5	-35,8822	10,5	-34,8927	
10,6	-36,9347	10,6	-35,5445	10,6	-34,6635	
10,7	-36,5651	10,7	-35,1377	10,7	-34,1305	
10,8	-35,9194	10,8	-34,4691	10,8	-33,4576	
10,9	-35,6901	10,9	-34,121	10,9	-33,0469	
11	-35,371	11	-33,6502	11	-32,5439	
11,1	-34,9959	11,1	-33,1663	11,1	-32,1227	
11,2	-34,4353	11,2	-32,5679	11,2	-31,5422	
11,3	-34,0027	11,3	-32,0518	11,3	-31,0058	
11,4	-33,4858	11,4	-31,3611	11,4	-30,2562	
11,5	-33,3085	11,5	-31,2905	11,5	-30,2427	
11,6	-32,874	11,6	-30,7482	11,6	-29,7045	
11,7	-32,5249	11,7	-30,2951	11,7	-29,3806	
11,8	-32,2068	11,8	-29,8226	11,8	-28,8514	
11,9	-31,8929	11,9	-29,4265	11,9	-27,9873	
12	-31,4225	12	-28,879	12	-26,8836	
12,1	-30,8289	12,1	-28,1753	12,1	-25,7517	
12,2	-30,3963	12,2	-27,6078	12,2	-25,2134	
12,3	-29,9558	12,3	-27,0896	12,3	-24,7103	
12,4	-29,3905	12,4	-26,397	12,4	-23,9987	
12,5	-28,9068	12,5	-25,8227	12,5	-23,4626	
12,6	-28,6728	12,6	-25,4685	12,6	-23,156	
12,7	-27,7534	12,7	-24,3242	12,7	-22,0119	
12,8	-27,2476	12,8	-23,7257	12,8	-21,405	
12,9	-26,8666	12,9	-23,3057	12,9	-20,9744	
13	-26,1724	13	-22,5034	13	-20,1417	
13,1	-25,6681	13,1	-21,954	13,1	-19,5506	
13,2	-25,1101	13,2	-21,2535	13,2	-18,8163	
13,3	-24,1326	13,3	-20,1142	13,3	-17,6328	
13,4	-23,3527	13,4	-19,2232	13,4	-16,6813	
13,5	-22,42	13,5	-18,1261	13,5	-15,542	
13,6	-21,5389	13,6	-17,1175	13,6	-14,4902	
13,7	-20,6387	13,7	-16,0536	13,7	-13,3938	
13,8	-19,4535	13,8	-14,6947	13,8	-12,0037	
13,9	-18,7436	13,9	-13,8218	13,9	-11,0877	
14	-17,4695	14	-12,3457	14	-9,56223	
14,1	-16,462	14,1	-11,17	14,1	-8,35036	
14,2	-16,6347	14,2	-11,2032	14,2	-8,35227	
14,3	-16,4753	14,3	-10,7682	14,3	-7,86156	
14,4	-16,9938	14,4	-10,9784	14,4	-8,01264	
14,5	-17,7336	14,5	-11,5817	14,5	-8,57252	
14,6	-19,0236	14,6	-12,6784	14,6	-9,61248	
14,7	-20,787	14,7	-14,1724	14,7	-11,0586	
14,8	-21,5817	14,8	-14,7787	14,8	-11,6127	
14,9	-23,0009	14,9	-15,9166	14,9	-12,6844	
15	-23,8326	15	-16,6674	15	-13,3915	
15,1	-24,7009	15,1	-17,3424	15,1	-14,0287	
15,2	-26,0673	15,2	-18,3217	15,2	-14,9285	
15,3	-26,729	15,3	-18,8367	15,3	-15,3875	
15,4	-27,5292	15,4	-19,4124	15,4	-15,9165	
15,5	-28,7124	15,5	-20,1576	15,5	-16,5956	
15,6	-29,4666	15,6	-20,6257	15,6	-17,0216	
15,7	-30,1554	15,7	-20,9978	15,7	-17,3422	
15,8	-31,425	15,8	-21,7263	15,8	-17,984	
15,9	-31,977	15,9	-22,0702	15,9	-18,3007	
16	-32,7181	16	-22,397	16	-18,5535	
16,1	-33,8015	16,1	-22,954	16,1	-19,0173	
16,2	-34,4312	16,2	-23,2285	16,2	-19,233	
16,3	-35,251	16,3	-23,5598	16,3	-19,5159	
16,4	-36,3614	16,4	-24,0299	16,4	-19,9031	
16,5	-36,9653	16,5	-24,343	16,5	-20,147	
16,6	-37,8198	16,6	-24,6719	16,6	-20,4282	
16,7	-38,6882	16,7	-24,9035	16,7	-20,6156	
16,8	-39,9331	16,8	-25,3412	16,8	-20,9968	
16,9	-41,0427	16,9	-25,7174	16,9	-21,3146	
17	-41,8332	17	-25,8903	17	-21,4776	
17,1	-42,5566	17,1	-26,2749	17,1	-21,8595	
17,2	-43,0032	17,2	-26,4986	17,2	-22,0579	
17,3	-43,8974	17,3	-26,8557	17,3	-22,4265	
17,4	-44,5812	17,4	-27,0264	17,4	-22,4509	
17,5	-45,445	17,5	-27,2516	17,5	-22,2293	
17,6	-47,0469	17,6	-27,4622	17,6	-22,0079	
17,7	-47,204	17,7	-27,6224	17,7	-22,0662	
17,8	-47,5509	17,8	-27,7796	17,8	-22,0813	
17,9	-49,3067	17,9	-27,9412	17,9	-22,1456	
18	-49,2276	18	-28,1227	18	-22,2398	
18,1	-47,9826	18,1	-28,4168	18,1	-22,4201	
18,2	-46,3632	18,2	-28,5897	18,2	-22,5443	
18,3	-45,4487	18,3	-28,7279	18,3	-22,6278	
18,4	-44,4673	18,4	-28,9768	18,4	-22,7946	
18,5	-42,9542	18,5	-29,38	18,5	-23,1276	
18,6	-42,3357	18,6	-29,5766	18,6	-23,2832	
18,7	-41,8015	18,7	-29,7091	18,7	-23,3757	
18,8	-40,9451	18,8	-29,9553	18,8	-23,516	
18,9	-40,4402	18,9	-30,2082	18,9	-23,654	
19	-39,5308	19	-30,5002	19	-23,7905	
19,1	-39,0886	19,1	-30,6208	19,1	-23,8461	
19,2	-38,6282	19,2	-30,7764	19,2	-23,909	
19,3	-38,3522	19,3	-30,8678	19,3	-23,9456	
19,4	-37,8145	19,4	-31,0345	19,4	-23,9858	
19,5	-37,5192	19,5	-31,2109	19,5	-24,0652	
19,6	-36,8719	19,6	-31,4505	19,6	-24,1386	
19,7	-36,5699	19,7	-31,5243	19,7	-24,1443	
19,8	-36,1197	19,8	-31,6789	19,8	-24,18	
19,9	-35,7541	19,9	-31,8526	19,9	-24,2056	
20	-35,2409	20	-32,0978	20	-24,2672	
20,1	-34,9957	20,1	-32,1418	20,1	-24,2806	
20,2	-34,7011	20,2	-32,2171	20,2	-24,2943	
20,3	-34,2787	20,3	-32,5265	20,3	-24,368	
20,4	-33,8107	20,4	-32,8265	20,4	-24,3899	
20,5	-33,5261	20,5	-32,9883	20,5	-24,4083	
20,6	-33,3341	20,6	-33,0586	20,6	-24,4235	
20,7	-33,1148	20,7	-33,2026	20,7	-24,4268	
20,8	-32,748	20,8	-33,4707	20,8	-24,4614	
20,9	-32,465	20,9	-33,6385	20,9	-24,4767	
21	-32,236	21	-33,7924	21	-24,4891	
21,1	-31,8783	21,1	-33,9744	21,1	-24,4824	
21,2	-31,7326	21,2	-34,0548	21,2	-24,49	
21,3	-31,5299	21,3	-34,2749	21,3	-24,496	
21,4	-31,2204	21,4	-34,4157	21,4	-24,4931	
21,5	-30,9303	21,5	-34,7186	21,5	-24,4984	
21,6	-30,6052	21,6	-34,9691	21,6	-24,5071	
21,7	-30,4177	21,7	-35,1141	21,7	-24,5002	
21,8	-30,2673	21,8	-35,2075	21,8	-24,4851	
21,9	-30,0186	21,9	-35,4002	21,9	-24,4879	
22	-29,7289	22	-35,8068	22	-24,4874	
22,1	-29,5477	22,1	-35,8954	22,1	-24,4484	
22,2	-29,3526	22,2	-36,0543	22,2	-24,4401	
22,3	-29,137	22,3	-36,2477	22,3	-24,4322	
22,4	-28,9247	22,4	-36,4439	22,4	-24,3776	
22,5	-28,6866	22,5	-36,6176	22,5	-24,3358	
22,6	-28,4518	22,6	-36,9006	22,6	-24,3359	
22,7	-28,2868	22,7	-37,0548	22,7	-24,3374	
22,8	-28,0129	22,8	-37,4419	22,8	-24,3046	
22,9	-27,8056	22,9	-37,7021	22,9	-24,2712	
23	-27,6909	23	-37,9258	23	-24,2608	
23,1	-27,415	23,1	-38,3553	23,1	-24,2377	
23,2	-27,2027	23,2	-38,6542	23,2	-24,1704	
23,3	-27,0245	23,3	-38,9111	23,3	-24,1381	
23,4	-26,8899	23,4	-39,1033	23,4	-24,1076	
23,5	-26,6859	23,5	-39,4937	23,5	-24,0897	
23,6	-26,5105	23,6	-39,757	23,6	-24,0381	
23,7	-26,321	23,7	-40,1391	23,7	-23,9867	
23,8	-26,1068	23,8	-40,5802	23,8	-23,9297	
23,9	-25,9279	23,9	-41,0806	23,9	-23,9206	
24	-25,7914	24	-41,4923	24	-23,8916	
24,1	-25,5936	24,1	-42,0169	24,1	-23,7998	
24,2	-25,3729	24,2	-42,7624	24,2	-23,7648	
24,3	-25,1978	24,3	-43,1279	24,3	-23,7171	
24,4	-25,0853	24,4	-43,5917	24,4	-23,6688	
24,5	-24,9162	24,5	-44,5551	24,5	-23,6265	
24,6	-24,8172	24,6	-45,3141	24,6	-23,5991	
24,7	-24,7251	24,7	-46,0129	24,7	-23,5414	
24,8	-24,659	24,8	-47,0043	24,8	-23,4938	
24,9	-24,5376	24,9	-48,2971	24,9	-23,4648	
25	-24,4001	25	-50,1538	25	-23,4295	
25,1	-24,3408	25,1	-52,5264	25,1	-23,4265	
25,2	-24,2378	25,2	-55,1256	25,2	-23,4402	
25,3	-24,1246	25,3	-57,5407	25,3	-23,4328	
25,4	-23,9677	25,4	-66,7577	25,4	-23,4921	
25,5	-23,8371	25,5	-70,4011	25,5	-23,509	
25,6	-23,6487	25,6	-59,394	25,6	-23,5103	
25,7	-23,538	25,7	-56,186	25,7	-23,5118	
25,8	-23,3721	25,8	-52,7886	25,8	-23,5152	
25,9	-23,2384	25,9	-51,3757	25,9	-23,508	
26	-23,0196	26	-48,8452	26	-23,4906	
26,1	-22,835	26,1	-47,6171	26,1	-23,4345	
26,2	-22,6302	26,2	-46,4216	26,2	-23,36	
26,3	-22,5065	26,3	-45,718	26,3	-23,3169	
26,4	-22,277	26,4	-44,1983	26,4	-23,26	
26,5	-22,0942	26,5	-43,4815	26,5	-23,1908	
26,6	-21,8739	26,6	-42,5607	26,6	-23,0985	
26,7	-21,6743	26,7	-41,844	26,7	-23,0103	
26,8	-21,4673	26,8	-41,0859	26,8	-22,9181	
26,9	-21,2577	26,9	-40,3674	26,9	-22,8293	
27	-21,1162	27	-39,8321	27	-22,7576	
27,1	-20,8352	27,1	-39,0313	27,1	-22,5953	
27,2	-20,6896	27,2	-38,5675	27,2	-22,5423	
27,3	-20,5174	27,3	-38,0249	27,3	-22,4422	
27,4	-20,3304	27,4	-37,4926	27,4	-22,3271	
27,5	-20,1096	27,5	-36,875	27,5	-22,235	
27,6	-19,9302	27,6	-36,3759	27,6	-22,1571	
27,7	-19,7841	27,7	-36,0854	27,7	-22,0902	
27,8	-19,5408	27,8	-35,5167	27,8	-22,0196	
27,9	-19,2971	27,9	-35,0333	27,9	-21,9116	
28	-19,2073	28	-34,7452	28	-21,8542	
28,1	-18,9227	28,1	-34,1135	28,1	-21,7069	
28,2	-18,7476	28,2	-33,7081	28,2	-21,6153	
28,3	-18,5804	28,3	-33,3302	28,3	-21,5408	
28,4	-18,3193	28,4	-32,7783	28,4	-21,4004	
28,5	-18,1924	28,5	-32,5222	28,5	-21,3217	
28,6	-17,9907	28,6	-32,0895	28,6	-21,2073	
28,7	-17,7583	28,7	-31,5516	28,7	-21,0916	
28,8	-17,5565	28,8	-31,1527	28,8	-20,9893	
28,9	-17,3922	28,9	-30,8648	28,9	-20,8792	
29	-17,1056	29	-30,3121	29	-20,702	
29,1	-16,9529	29,1	-30,0569	29,1	-20,6032	
29,2	-16,7335	29,2	-29,6497	29,2	-20,4874	
29,3	-16,5224	29,3	-29,2465	29,3	-20,368	
29,4	-16,3621	29,4	-28,9684	29,4	-20,2758	
29,5	-16,1291	29,5	-28,6201	29,5	-20,1359	
29,6	-15,8718	29,6	-28,1963	29,6	-19,9597	
29,7	-15,6994	29,7	-27,8581	29,7	-19,8228	
29,8	-15,4506	29,8	-27,4644	29,8	-19,6878	
29,9	-15,1875	29,9	-27,0108	29,9	-19,5425	
30	-15,0223	30	-26,7392	30	-19,4148	
30,1	-14,7636	30,1	-26,3393	30,1	-19,2573	
30,2	-14,5276	30,2	-25,9666	30,2	-19,1108	
30,3	-14,2999	30,3	-25,6068	30,3	-18,9637	
30,4	-14,1543	30,4	-25,392	30,4	-18,876	
30,5	-13,7999	30,5	-24,8845	30,5	-18,6208	
30,6	-13,5792	30,6	-24,5238	30,6	-18,4219	
30,7	-13,3564	30,7	-24,1886	30,7	-18,2208	
30,8	-13,0894	30,8	-23,8023	30,8	-17,9489	
30,9	-12,8526	30,9	-23,4721	30,9	-17,6945	
31	-12,5504	31	-23,0431	31	-17,3561	
31,1	-12,3429	31,1	-22,7347	31,1	-17,1364	
31,2	-11,9812	31,2	-22,2442	31,2	-16,7974	
31,3	-11,7907	31,3	-22,0197	31,3	-16,6229	
31,4	-11,4384	31,4	-21,5198	31,4	-16,3212	
31,5	-11,1775	31,5	-21,1753	31,5	-16,1204	
31,6	-10,9402	31,6	-20,8719	31,6	-15,9321	
31,7	-10,5623	31,7	-20,3729	31,7	-15,6339	
31,8	-10,2502	31,8	-19,9722	31,8	-15,4014	
31,9	-9,98339	31,9	-19,6203	31,9	-15,2004	
32	-9,56764	32	-19,086	32	-14,8656	
32,1	-9,34767	32,1	-18,8186	32,1	-14,6744	
32,2	-8,85325	32,2	-18,1884	32,2	-14,2726	
32,3	-8,53727	32,3	-17,7962	32,3	-14,0289	
32,4	-8,17449	32,4	-17,3479	32,4	-13,7111	
32,5	-7,74604	32,5	-16,8131	32,5	-13,3535	
32,6	-7,44483	32,6	-16,4575	32,6	-13,1	
32,7	-6,98873	32,7	-15,9031	32,7	-12,7315	
32,8	-6,54791	32,8	-15,3755	32,8	-12,3476	
32,9	-6,12311	32,9	-14,881	32,9	-11,9524	
33	-5,73677	33	-14,438	33	-11,6215	
33,1	-5,0301	33,1	-13,6039	33,1	-10,9888	
33,2	-4,68131	33,2	-13,1861	33,2	-10,6848	
33,3	-4,11141	33,3	-12,5479	33,3	-10,1718	
33,4	-3,41565	33,4	-11,747	33,4	-9,54618	
33,5	-3,14256	33,5	-11,4331	33,5	-9,29107	
33,6	-2,56629	33,6	-10,8021	33,6	-8,75399	
33,7	-1,68049	33,7	-9,82303	33,7	-7,93754	
33,8	-1,05491	33,8	-9,13312	33,8	-7,35707	
33,9	-0,292398	33,9	-8,28864	33,9	-6,6467	
34	0,348341	34	-7,58591	34	-6,04606	
34,1	1,4396	34,1	-6,40629	34,1	-5,01611	
34,2	2,33645	34,2	-5,43397	34,2	-4,15698	
34,3	3,05546	34,3	-4,66663	34,3	-3,47232	
34,4	4,07933	34,4	-3,56172	34,4	-2,49617	
34,5	5,56625	34,5	-1,97321	34,5	-1,07325	
34,6	6,18151	34,6	-1,32014	34,6	-0,485199	
34,7	7,34654	34,7	-0,0789057	34,7	0,631203	
34,8	8,30976	34,8	0,944089	34,8	1,54514	
34,9	8,42665	34,9	1,13813	34,9	1,62571	
35	8,72689	35	1,49343	35	1,89285	
35,1	8,31455	35,1	1,1598	35,1	1,42268	
35,2	7,60697	35,2	0,521346	35,2	0,68095	
35,3	6,92303	35,3	-0,119415	35,3	-0,0119844	
35,4	5,46282	35,4	-1,49926	35,4	-1,53161	
35,5	4,23254	35,5	-2,65757	35,5	-2,81034	
35,6	3,51887	35,6	-3,31639	35,6	-3,55163	
35,7	2,70697	35,7	-4,07209	35,7	-4,39676	
35,8	1,52782	35,8	-5,18707	35,8	-5,63786	
35,9	1,15654	35,9	-5,52622	35,9	-6,01698	
36	0,114995	36	-6,4677	36	-7,11609	
36,1	-0,41244	36,1	-6,94016	36,1	-7,66943	
36,2	-0,888106	36,2	-7,3746	36,2	-8,17279	
36,3	-1,7229	36,3	-8,14021	36,3	-9,03468	
36,4	-2,20696	36,4	-8,56908	36,4	-9,56281	
36,5	-2,59806	36,5	-8,91393	36,5	-9,99005	
36,6	-3,07544	36,6	-9,32471	36,6	-10,5002	
36,7	-3,58639	36,7	-9,77001	36,7	-11,0509	
36,8	-3,94741	36,8	-10,0937	36,8	-11,4313	
36,9	-4,4198	36,9	-10,5065	36,9	-11,9364	
37	-4,70412	37	-10,7556	37	-12,2507	
37,1	-5,07801	37,1	-11,0753	37,1	-12,6591	
37,2	-5,37071	37,2	-11,3177	37,2	-12,979	
37,3	-5,72286	37,3	-11,6306	37,3	-13,3704	
37,4	-6,15875	37,4	-11,9952	37,4	-13,8292	
37,5	-6,35773	37,5	-12,1566	37,5	-14,0482	
37,6	-6,71562	37,6	-12,45	37,6	-14,4531	
37,7	-6,94327	37,7	-12,6221	37,7	-14,6905	
37,8	-7,23588	37,8	-12,8639	37,8	-15,0152	
37,9	-7,49004	37,9	-13,0787	37,9	-15,2994	
38	-7,75578	38	-13,27	38	-15,5684	
38,1	-7,97635	38,1	-13,429	38,1	-15,8158	
38,2	-8,11036	38,2	-13,522	38,2	-15,991	
38,3	-8,32816	38,3	-13,6925	38,3	-16,2478	
38,4	-8,54951	38,4	-13,8562	38,4	-16,494	
38,5	-8,70416	38,5	-13,959	38,5	-16,6814	
38,6	-8,90585	38,6	-14,0951	38,6	-16,9047	
38,7	-9,04502	38,7	-14,189	38,7	-17,0713	
38,8	-9,15829	38,8	-14,2428	38,8	-17,223	
38,9	-9,31888	38,9	-14,3381	38,9	-17,4298	
39	-9,44369	39	-14,4097	39	-17,5741	
39,1	-9,52919	39,1	-14,4507	39,1	-17,6857	
39,2	-9,64131	39,2	-14,4945	39,2	-17,863	
39,3	-9,69256	39,3	-14,5154	39,3	-17,9585	
39,4	-9,78824	39,4	-14,5455	39,4	-18,1034	
39,5	-9,86629	39,5	-14,5689	39,5	-18,2235	
39,6	-9,9106	39,6	-14,5622	39,6	-18,3199	
39,7	-9,98129	39,7	-14,5686	39,7	-18,4459	
39,8	-10,0263	39,8	-14,5897	39,8	-18,5108	
39,9	-10,0654	39,9	-14,5416	39,9	-18,6089	
40	-10,1267	40	-14,5461	40	-18,7347	
40,1	-10,1642	40,1	-14,5643	40,1	-18,8187	
40,2	-10,2142	40,2	-14,5705	40,2	-18,9074	
40,3	-10,3239	40,3	-14,6024	40,3	-19,0517	
40,4	-10,4042	40,4	-14,6186	40,4	-19,1842	
40,5	-10,4413	40,5	-14,6071	40,5	-19,2637	
40,6	-10,5415	40,6	-14,6419	40,6	-19,4057	
40,7	-10,6222	40,7	-14,6773	40,7	-19,4914	
40,8	-10,7362	40,8	-14,7137	40,8	-19,6412	
40,9	-10,7834	40,9	-14,7298	40,9	-19,7291	
41	-10,9496	41	-14,8186	41	-19,9373	
41,1	-11,0521	41,1	-14,8792	41,1	-20,0573	
41,2	-11,1313	41,2	-14,9	41,2	-20,1447	
41,3	-11,2642	41,3	-14,9635	41,3	-20,3109	
41,4	-11,3733	41,4	-15,0277	41,4	-20,4397	
41,5	-11,5025	41,5	-15,0867	41,5	-20,5736	
41,6	-11,6276	41,6	-15,1422	41,6	-20,7156	
41,7	-11,7341	41,7	-15,1917	41,7	-20,81	
41,8	-11,8799	41,8	-15,2733	41,8	-20,9743	
41,9	-12,0572	41,9	-15,3768	41,9	-21,182	
42	-12,105	42	-15,3935	42	-21,2481	
42,1	-12,1989	42,1	-15,4531	42,1	-21,3772	
42,2	-12,3619	42,2	-15,5317	42,2	-21,5154	
42,3	-12,4299	42,3	-15,5499	42,3	-21,5877	
42,4	-12,5561	42,4	-15,6247	42,4	-21,7448	
42,5	-12,6695	42,5	-15,6731	42,5	-21,8524	
42,6	-12,7632	42,6	-15,7112	42,6	-21,943	
42,7	-12,8914	42,7	-15,7719	42,7	-22,0926	
42,8	-12,9791	42,8	-15,821	42,8	-22,1509	
42,9	-13,1039	42,9	-15,8706	42,9	-22,2771	
43	-13,2661	43	-15,9427	43	-22,4425	
43,1	-13,3721	43,1	-15,9941	43,1	-22,5472	
43,2	-13,4548	43,2	-16,0253	43,2	-22,653	
43,3	-13,5123	43,3	-16,0428	43,3	-22,7112	
43,4	-13,6493	43,4	-16,1038	43,4	-22,838	
43,5	-13,7219	43,5	-16,1454	43,5	-22,942	
43,6	-13,8278	43,6	-16,1757	43,6	-23,0438	
43,7	-13,9456	43,7	-16,2095	43,7	-23,1389	
43,8	-14,0205	43,8	-16,2438	43,8	-23,2238	
43,9	-14,1192	43,9	-16,2835	43,9	-23,3403	
44	-14,237	44	-16,3158	44	-23,4393	
44,1	-14,3118	44,1	-16,3276	44,1	-23,5086	
44,2	-14,4203	44,2	-16,3499	44,2	-23,606	
44,3	-14,4812	44,3	-16,3684	44,3	-23,6802	
44,4	-14,552	44,4	-16,4159	44,4	-23,7674	
44,5	-14,6635	44,5	-16,4035	44,5	-23,8509	
44,6	-14,7599	44,6	-16,4343	44,6	-23,9475	
44,7	-14,8764	44,7	-16,4818	44,7	-24,0558	
44,8	-14,942	44,8	-16,4925	44,8	-24,1102	
44,9	-15,0153	44,9	-16,5036	44,9	-24,1631	
45	-15,0825	45	-16,5176	45	-24,241	
45,1	-15,157	45,1	-16,5355	45,1	-24,3126	
45,2	-15,2564	45,2	-16,5335	45,2	-24,3766	
45,3	-15,325	45,3	-16,5408	45,3	-24,4288	
45,4	-15,4019	45,4	-16,5645	45,4	-24,5228	
45,5	-15,4845	45,5	-16,5612	45,5	-24,5765	
45,6	-15,5507	45,6	-16,574	45,6	-24,6286	
45,7	-15,654	45,7	-16,598	45,7	-24,7254	
45,8	-15,7159	45,8	-16,6048	45,8	-24,7772	
45,9	-15,789	45,9	-16,6017	45,9	-24,8339	
46	-15,8658	46	-16,6031	46	-24,8949	
46,1	-15,9178	46,1	-16,5937	46,1	-24,9428	
46,2	-15,9867	46,2	-16,6217	46,2	-25,0358	
46,3	-16,11	46,3	-16,6147	46,3	-25,0956	
46,4	-16,1537	46,4	-16,6055	46,4	-25,1285	
46,5	-16,248	46,5	-16,5997	46,5	-25,179	
46,6	-16,2972	46,6	-16,6104	46,6	-25,2518	
46,7	-16,3519	46,7	-16,6326	46,7	-25,2996	
46,8	-16,4394	46,8	-16,5658	46,8	-25,3543	
46,9	-16,5123	46,9	-16,5557	46,9	-25,3755	
47	-16,5739	47	-16,5651	47	-25,4228	
47,1	-16,6244	47,1	-16,5629	47,1	-25,4658	
47,2	-16,7178	47,2	-16,5517	47,2	-25,5539	
47,3	-16,8093	47,3	-16,5337	47,3	-25,5775	
47,4	-16,8592	47,4	-16,5323	47,4	-25,6232	
47,5	-16,9228	47,5	-16,5248	47,5	-25,6683	
47,6	-16,9853	47,6	-16,4973	47,6	-25,6816	
47,7	-17,0139	47,7	-16,4884	47,7	-25,707	
47,8	-17,1063	47,8	-16,4659	47,8	-25,7685	
47,9	-17,172	47,9	-16,4234	47,9	-25,7772	
48	-17,2323	48	-16,4314	48	-25,8219	
48,1	-17,3042	48,1	-16,4305	48,1	-25,8782	
48,2	-17,3746	48,2	-16,3926	48,2	-25,9082	
48,3	-17,4599	48,3	-16,3687	48,3	-25,941	
48,4	-17,5427	48,4	-16,3504	48,4	-25,9679	
48,5	-17,5968	48,5	-16,3359	48,5	-26,0475	
48,6	-17,6319	48,6	-16,3147	48,6	-26,0584	
48,7	-17,708	48,7	-16,2941	48,7	-26,0753	
48,8	-17,7874	48,8	-16,2541	48,8	-26,1028	
48,9	-17,8305	48,9	-16,2336	48,9	-26,1242	
49	-17,8722	49	-16,2039	49	-26,1217	
49,1	-17,9969	49,1	-16,1513	49,1	-26,179	
49,2	-18,0554	49,2	-16,1362	49,2	-26,2162	
49,3	-18,0851	49,3	-16,1161	49,3	-26,2287	
49,4	-18,1522	49,4	-16,0784	49,4	-26,2536	
49,5	-18,2155	49,5	-16,0365	49,5	-26,2584	
49,6	-18,2859	49,6	-16,0234	49,6	-26,2828	
49,7	-18,3567	49,7	-15,9671	49,7	-26,2984	
49,8	-18,4058	49,8	-15,9555	49,8	-26,3202	
49,9	-18,4823	49,9	-15,9053	49,9	-26,3055	
50	-18,5489	50	-15,8525	50	-26,3269	
50,1	-18,607	50,1	-15,7923	50,1	-26,3092	
50,2	-18,6916	50,2	-15,7637	50,2	-26,347	
50,3	-18,7337	50,3	-15,741	50,3	-26,3549	
50,4	-18,7972	50,4	-15,6934	50,4	-26,3693	
50,5	-18,8696	50,5	-15,6482	50,5	-26,365	
50,6	-18,9379	50,6	-15,6217	50,6	-26,3745	
50,7	-19,018	50,7	-15,574	50,7	-26,3669	
50,8	-19,1081	50,8	-15,5293	50,8	-26,3775	
50,9	-19,1625	50,9	-15,471	50,9	-26,3571	
51	-19,2172	51	-15,4352	51	-26,365	
51,1	-19,2681	51,1	-15,3901	51,1	-26,3771	
51,2	-19,3289	51,2	-15,339	51,2	-26,357	
51,3	-19,4134	51,3	-15,2752	51,3	-26,3343	
51,4	-19,49	51,4	-15,2187	51,4	-26,3192	
51,5	-19,5508	51,5	-15,1741	51,5	-26,3127	
51,6	-19,6301	51,6	-15,1329	51,6	-26,2789	
51,7	-19,7039	51,7	-15,043	51,7	-26,2339	
51,8	-19,7863	51,8	-14,9776	51,8	-26,2242	
51,9	-19,8377	51,9	-14,9396	51,9	-26,2035	
52	-19,8955	52	-14,8978	52	-26,1743	
52,1	-19,9962	52,1	-14,7998	52,1	-26,1144	
52,2	-20,092	52,2	-14,7204	52,2	-26,0696	
52,3	-20,1641	52,3	-14,656	52,3	-26,0539	
52,4	-20,282	52,4	-14,5461	52,4	-25,9639	
52,5	-20,3254	52,5	-14,5016	52,5	-25,9398	
52,6	-20,3967	52,6	-14,4551	52,6	-25,9325	
52,7	-20,4639	52,7	-14,4105	52,7	-25,913	
52,8	-20,5664	52,8	-14,3052	52,8	-25,8545	
52,9	-20,6686	52,9	-14,2237	52,9	-25,8045	
53	-20,7304	53	-14,157	53	-25,7634	
53,1	-20,9023	53,1	-13,987	53,1	-25,6704	
53,2	-20,9163	53,2	-14,0078	53,2	-25,688	
53,3	-21,0199	53,3	-13,9112	53,3	-25,6363	
53,4	-21,1065	53,4	-13,816	53,4	-25,5633	
53,5	-21,1975	53,5	-13,7471	53,5	-25,5562	
53,6	-21,2906	53,6	-13,668	53,6	-25,526	
53,7	-21,3813	53,7	-13,5824	53,7	-25,4477	
53,8	-21,553	53,8	-13,4537	53,8	-25,38	
53,9	-21,6224	53,9	-13,38	53,9	-25,3416	
54	-21,6848	54	-13,3162	54	-25,3129	
54,1	-21,7747	54,1	-13,228	54,1	-25,2529	
54,2	-21,9997	54,2	-13,0529	54,2	-25,1443	
54,3	-22,0812	54,3	-12,9649	54,3	-25,097	
54,4	-22,148	54,4	-12,8867	54,4	-25,0606	
54,5	-22,2717	54,5	-12,7683	54,5	-25,004	
54,6	-22,3838	54,6	-12,6697	54,6	-24,9264	
54,7	-22,5548	54,7	-12,5558	54,7	-24,8628	
54,8	-22,6884	54,8	-12,4585	54,8	-24,8036	
54,9	-22,8868	54,9	-12,277	54,9	-24,6744	
55	-23,0102	55	-12,1852	55	-24,6116	
55,1	-23,1672	55,1	-12,0878	55,1	-24,5682	
55,2	-23,2982	55,2	-11,9734	55,2	-24,4963	
55,3	-23,4308	55,3	-11,8533	55,3	-24,3975	
55,4	-23,6365	55,4	-11,6987	55,4	-24,3129	
55,5	-23,9159	55,5	-11,5041	55,5	-24,171	
55,6	-24,0586	55,6	-11,3992	55,6	-24,0871	
55,7	-24,2069	55,7	-11,3191	55,7	-24,0499	
55,8	-24,5107	55,8	-11,0637	55,8	-23,8748	
55,9	-24,7001	55,9	-10,9707	55,9	-23,8025	
56	-24,9423	56	-10,7864	56	-23,6551	
56,1	-25,1477	56,1	-10,6436	56,1	-23,5756	
56,2	-25,4175	56,2	-10,4802	56,2	-23,4447	
56,3	-25,6988	56,3	-10,2838	56,3	-23,2896	
56,4	-26,1051	56,4	-10,0898	56,4	-23,1379	
56,5	-26,1646	56,5	-10,043	56,5	-23,1221	
56,6	-26,6034	56,6	-9,80339	56,6	-22,9355	
56,7	-27,1498	56,7	-9,52745	56,7	-22,7037	
56,8	-27,4863	56,8	-9,37796	56,8	-22,5792	
56,9	-28,0852	56,9	-9,12239	56,9	-22,3828	
57	-28,4791	57	-8,93717	57	-22,239	
57,1	-28,997	57,1	-8,72519	57,1	-22,0666	
57,2	-29,2645	57,2	-8,5988	57,2	-21,9697	
57,3	-30,0628	57,3	-8,30013	57,3	-21,7235	
57,4	-30,8913	57,4	-8,0152	57,4	-21,4835	
57,5	-31,4809	57,5	-7,78478	57,5	-21,2874	
57,6	-32,208	57,6	-7,5133	57,6	-21,0734	
57,7	-32,8345	57,7	-7,29614	57,7	-20,8921	
57,8	-33,1375	57,8	-7,05995	57,8	-20,6895	
57,9	-33,2417	57,9	-6,73031	57,9	-20,4094	
58	-33,5103	58	-6,43383	58	-20,1529	
58,1	-33,5301	58,1	-6,11299	58,1	-19,8629	
58,2	-33,138	58,2	-5,84723	58,2	-19,6311	
58,3	-31,3378	58,3	-5,43381	58,3	-19,2772	
58,4	-30,3337	58,4	-5,2667	58,4	-19,1333	
58,5	-28,6495	58,5	-4,76697	58,5	-18,6893	
58,6	-27,2912	58,6	-4,34484	58,6	-18,2983	
58,7	-25,5007	58,7	-3,80695	58,7	-17,806	
58,8	-24,8704	58,8	-3,53925	58,8	-17,5715	
58,9	-23,8826	58,9	-3,20937	58,9	-17,2785	
59	-22,4872	59	-2,623	59	-16,7402	
59,1	-21,2043	59,1	-2,10701	59,1	-16,2597	
59,2	-19,7592	59,2	-1,49309	59,2	-15,6869	
59,3	-18,4005	59,3	-0,840896	59,3	-15,0779	
59,4	-17,7368	59,4	-0,542776	59,4	-14,8004	
59,5	-16,0938	59,5	0,382971	59,5	-13,9267	
59,6	-14,8119	59,6	1,1065	59,6	-13,2377	
59,7	-13,8787	59,7	1,61143	59,7	-12,7633	
59,8	-12,4957	59,8	2,53612	59,8	-11,8797	
59,9	-10,8214	59,9	3,67893	59,9	-10,7906	
60	-9,96934	60	4,18641	60	-10,3075	
60,1	-8,62557	60,1	5,12978	60,1	-9,40638	
60,2	-7,82883	60,2	5,58628	60,2	-8,98112	
60,3	-6,5256	60,3	6,45844	60,3	-8,15685	
60,4	-6,21229	60,4	6,42296	60,4	-8,22317	
60,5	-5,18471	60,5	7,00762	60,5	-7,68465	
60,6	-4,69548	60,6	7,28819	60,6	-7,42738	
60,7	-4,69169	60,7	6,9156	60,7	-7,84248	
60,8	-5,54289	60,8	5,74652	60,8	-9,05725	
60,9	-6,00749	60,9	4,91486	60,9	-9,92477	
61	-6,26788	61	4,41701	61	-10,4527	
61,1	-7,06282	61,1	3,32029	61,1	-11,5942	
61,2	-7,76483	61,2	2,34335	61,2	-12,6033	
61,3	-8,27588	61,3	1,59133	61,3	-13,3836	
61,4	-8,80508	61,4	0,764141	61,4	-14,2554	
61,5	-9,29136	61,5	0,0362632	61,5	-15,0193	
61,6	-9,81575	61,6	-0,748534	61,6	-15,8366	
61,7	-10,2496	61,7	-1,42868	61,7	-16,5589	
61,8	-10,7028	61,8	-2,12192	61,8	-17,2924	
61,9	-11,3015	61,9	-3,08553	61,9	-18,2988	
62	-11,5349	62	-3,51858	62	-18,7582	
62,1	-11,8085	62,1	-3,96823	62,1	-19,2469	
62,2	-12,1061	62,2	-4,47168	62,2	-19,7716	
62,3	-12,3735	62,3	-4,93469	62,3	-20,2719	
62,4	-12,5718	62,4	-5,28515	62,4	-20,657	
62,5	-12,8836	62,5	-5,83679	62,5	-21,2674	
62,6	-13,1972	62,6	-6,44935	62,6	-21,926	
62,7	-13,2924	62,7	-6,63011	62,7	-22,1182	
62,8	-13,5345	62,8	-7,07533	62,8	-22,6015	
62,9	-13,7337	62,9	-7,46158	62,9	-23,0109	
63	-13,9357	63	-7,88655	63	-23,4834	
63,1	-14,0924	63,1	-8,18405	63,1	-23,8039	
63,2	-14,2893	63,2	-8,54904	63,2	-24,2145	
63,3	-14,4613	63,3	-8,91382	63,3	-24,6113	
63,4	-14,6065	63,4	-9,22176	63,4	-24,9549	
63,5	-14,7697	63,5	-9,53791	63,5	-25,293	
63,6	-14,9122	63,6	-9,86138	63,6	-25,6493	
63,7	-15,08	63,7	-10,2218	63,7	-26,0521	
63,8	-15,1721	63,8	-10,4461	63,8	-26,3112	
63,9	-15,314	63,9	-10,7651	63,9	-26,6599	
64	-15,4247	64	-11,0257	64	-26,9373	
64,1	-15,6084	64,1	-11,4245	64,1	-27,3978	
64,2	-15,7244	64,2	-11,681	64,2	-27,6888	
64,3	-15,8222	64,3	-11,9215	64,3	-27,9645	
64,4	-15,9711	64,4	-12,2817	64,4	-28,3664	
64,5	-16,0319	64,5	-12,425	64,5	-28,5351	
64,6	-16,1753	64,6	-12,7742	64,6	-28,9416	
64,7	-16,2439	64,7	-12,9224	64,7	-29,1159	
64,8	-16,3207	64,8	-13,1456	64,8	-29,3666	
64,9	-16,4268	64,9	-13,4219	64,9	-29,665	
65	-16,5243	65	-13,6557	65	-29,9294	
65,1	-16,6449	65,1	-13,9855	65,1	-30,3117	
65,2	-16,6983	65,2	-14,1216	65,2	-30,4825	
65,3	-16,7856	65,3	-14,3364	65,3	-30,7373	
65,4	-16,8598	65,4	-14,4874	65,4	-30,9297	
65,5	-16,9165	65,5	-14,633	65,5	-31,0885	
65,6	-16,9845	65,6	-14,8233	65,6	-31,2902	
65,7	-17,0693	65,7	-15,0608	65,7	-31,5809	
65,8	-17,1708	65,8	-15,4086	65,8	-32,0007	
65,9	-17,2407	65,9	-15,6038	65,9	-32,2083	
66	-17,327	66	-15,7812	66	-32,4209	
66,1	-17,357	66,1	-15,8849	66,1	-32,587	
66,2	-17,442	66,2	-16,0638	66,2	-32,797	
66,3	-17,4977	66,3	-16,1961	66,3	-32,8889	
66,4	-17,5457	66,4	-16,3614	66,4	-33,0883	
66,5	-17,6538	66,5	-16,7169	66,5	-33,551	
66,6	-17,7071	66,6	-16,8519	66,6	-33,7284	
66,7	-17,7524	66,7	-16,959	66,7	-33,8673	
66,8	-17,8256	66,8	-17,1298	66,8	-34,0531	
66,9	-17,8714	66,9	-17,2107	66,9	-34,1423	
67	-17,9027	67	-17,343	67	-34,2923	
67,1	-17,9835	67,1	-17,661	67,1	-34,7175	
67,2	-18,0557	67,2	-17,882	67,2	-34,9345	
67,3	-18,1162	67,3	-18,0121	67,3	-35,088	
67,4	-18,1585	67,4	-18,1369	67,4	-35,2737	
67,5	-18,2156	67,5	-18,2773	67,5	-35,4197	
67,6	-18,2364	67,6	-18,3111	67,6	-35,5148	
67,7	-18,2985	67,7	-18,5059	67,7	-35,7407	
67,8	-18,3598	67,8	-18,6926	67,8	-35,8805	
67,9	-18,4152	67,9	-18,8536	67,9	-36,0229	
68	-18,4588	68	-18,9936	68	-36,2708	
68,1	-18,5103	68,1	-19,0996	68,1	-36,4039	
68,2	-18,5556	68,2	-19,3136	68,2	-36,7103	
68,3	-18,5617	68,3	-19,3217	68,3	-36,738	
68,4	-18,6305	68,4	-19,467	68,4	-36,9252	
68,5	-18,7204	68,5	-19,7681	68,5	-37,3036	
68,6	-18,7567	68,6	-19,984	68,6	-37,5377	
68,7	-18,7967	68,7	-20,0713	68,7	-37,5917	
68,8	-18,8367	68,8	-20,1532	68,8	-37,6856	
68,9	-18,8905	68,9	-20,3341	68,9	-37,9177	
69	-18,9155	69	-20,4194	69	-38,0586	
69,1	-18,9597	69,1	-20,6323	69,1	-38,2967	
69,2	-19,0041	69,2	-20,6881	69,2	-38,3879	
69,3	-19,0496	69,3	-20,8121	69,3	-38,5662	
69,4	-19,1311	69,4	-21,0448	69,4	-38,845	
69,5	-19,1633	69,5	-21,1557	69,5	-38,9453	
69,6	-19,1892	69,6	-21,2401	69,6	-39,0899	
69,7	-19,2204	69,7	-21,2895	69,7	-39,1926	
69,8	-19,2577	69,8	-21,4297	69,8	-39,2987	
69,9	-19,3063	69,9	-21,5802	69,9	-39,5135	
70	-19,3559	70	-21,7544	70	-39,727	
70,1	-19,3803	70,1	-21,8748	70,1	-39,8537	
70,2	-19,4084	70,2	-21,9465	70,2	-39,9641	
70,3	-19,4667	70,3	-22,0572	70,3	-40,1165	
70,4	-19,4785	70,4	-22,1495	70,4	-40,2264	
70,5	-19,5089	70,5	-22,2721	70,5	-40,4104	
70,6	-19,5651	70,6	-22,3849	70,6	-40,5645	
70,7	-19,6176	70,7	-22,568	70,7	-40,7979	
70,8	-19,6494	70,8	-22,614	70,8	-40,7933	
70,9	-19,6832	70,9	-22,7523	70,9	-40,9923	
71	-19,6887	71	-22,8814	71	-41,2384	
71,1	-19,7309	71,1	-23,0033	71,1	-41,3645	
71,2	-19,7717	71,2	-23,0504	71,2	-41,406	
71,3	-19,7857	71,3	-23,0443	71,3	-41,4737	
71,4	-19,8887	71,4	-23,3951	71,4	-41,9593	
71,5	-19,9118	71,5	-23,494	71,5	-42,012	
71,6	-19,9173	71,6	-23,5363	71,6	-42,1094	
71,7	-19,9474	71,7	-23,6698	71,7	-42,2549	
71,8	-20,0045	71,8	-23,8092	71,8	-42,4834	
71,9	-20,0386	71,9	-23,85	71,9	-42,5557	
72	-20,0852	72	-23,972	72	-42,7123	
72,1	-20,1227	72,1	-24,0962	72,1	-42,8696	
72,2	-20,143	72,2	-24,1765	72,2	-42,9154	
72,3	-20,1507	72,3	-24,3045	72,3	-43,0788	
72,4	-20,1972	72,4	-24,5327	72,4	-43,3623	
72,5	-20,2719	72,5	-24,6492	72,5	-43,5915	
72,6	-20,2945	72,6	-24,6318	72,6	-43,6632	
72,7	-20,3192	72,7	-24,6622	72,7	-43,634	
72,8	-20,3522	72,8	-24,7617	72,8	-43,782	
72,9	-20,3744	72,9	-24,8196	72,9	-43,9298	
73	-20,3815	73	-24,9134	73	-44,0625	
73,1	-20,4078	73,1	-24,9926	73,1	-44,1938	
73,2	-20,4672	73,2	-25,1948	73,2	-44,3719	
73,3	-20,5027	73,3	-25,2602	73,3	-44,4559	
73,4	-20,5659	73,4	-25,4503	73,4	-44,7519	
73,5	-20,5848	73,5	-25,5419	73,5	-44,8005	
73,6	-20,604	73,6	-25,5086	73,6	-44,8431	
73,7	-20,6651	73,7	-25,68	73,7	-45,0786	
73,8	-20,6794	73,8	-25,7205	73,8	-45,122	
73,9	-20,7087	73,9	-25,8365	73,9	-45,3613	
74	-20,7296	74	-25,7796	74	-45,3995	
74,1	-20,7674	74,1	-25,8701	74,1	-45,4916	
74,2	-20,7978	74,2	-26,0551	74,2	-45,7703	
74,3	-20,8546	74,3	-26,2487	74,3	-45,9986	
74,4	-20,8729	74,4	-26,2423	74,4	-46,0572	
74,5	-20,8881	74,5	-26,2825	74,5	-46,0641	
74,6	-20,9173	74,6	-26,4405	74,6	-46,2908	
74,7	-20,9629	74,7	-26,5162	74,7	-46,3853	
74,8	-20,9971	74,8	-26,6163	74,8	-46,5274	
74,9	-21,0362	74,9	-26,7183	74,9	-46,6712	
75	-21,0629	75	-26,7346	75	-46,9085	
75,1	-21,0887	75,1	-26,7521	75,1	-47,1956	
75,2	-21,12	75,2	-26,8074	75,2	-47,2294	
75,3	-21,1381	75,3	-26,8342	75,3	-47,2635	
75,4	-21,1726	75,4	-26,9179	75,4	-47,5416	
75,5	-21,2429	75,5	-27,0428	75,5	-47,7175	
75,6	-21,2847	75,6	-27,2071	75,6	-47,9454	
75,7	-21,3075	75,7	-27,2097	75,7	-47,9356	
75,8	-21,3595	75,8	-27,3368	75,8	-48,1825	
75,9	-21,3834	75,9	-27,2891	75,9	-48,2514	
76	-21,4108	76	-27,3676	76	-48,485	
76,1	-21,4423	76,1	-27,4671	76,1	-48,663	
76,2	-21,4663	76,2	-27,5303	76,2	-48,7718	
76,3	-21,4992	76,3	-27,6103	76,3	-49,0252	
76,4	-21,5271	76,4	-27,7159	76,4	-49,523	
76,5	-21,5703	76,5	-27,7265	76,5	-49,5855	
76,6	-21,6138	76,6	-27,7927	76,6	-49,7769	
76,7	-21,6444	76,7	-27,7613	76,7	-49,8422	
76,8	-21,686	76,8	-27,8121	76,8	-50,1474	
76,9	-21,7153	76,9	-27,8615	76,9	-50,303	
77	-21,7665	77	-27,9121	77	-50,5107	
77,1	-21,7756	77,1	-27,8616	77,1	-50,4788	
77,2	-21,8102	77,2	-28,017	77,2	-50,8421	
77,3	-21,8822	77,3	-28,1039	77,3	-51,3068	
77,4	-21,8865	77,4	-28,0859	77,4	-51,3157	
77,5	-21,9087	77,5	-28,106	77,5	-51,282	
77,6	-21,9509	77,6	-28,1111	77,6	-51,3186	
77,7	-21,9916	77,7	-27,8753	77,7	-50,9761	
77,8	-22,0386	77,8	-28,2543	77,8	-51,5915	
77,9	-22,0681	77,9	-28,314	77,9	-51,6641	
78	-22,1022	78	-28,4708	78	-51,4102	
78,1	-22,1286	78,1	-28,4715	78,1	-51,3051	
78,2	-22,1343	78,2	-28,6013	78,2	-50,8973	
78,3	-22,1361	78,3	-28,6735	78,3	-50,8502	
78,4	-22,1411	78,4	-28,8322	78,4	-50,5071	
78,5	-22,1418	78,5	-29,1309	78,5	-49,9259	
78,6	-22,1234	78,6	-29,341	78,6	-49,734	
78,7	-22,0891	78,7	-29,8471	78,7	-49,1766	
78,8	-22,0737	78,8	-30,3119	78,8	-48,7707	
78,9	-22,0608	78,9	-30,9	78,9	-48,5112	
79	-22,0759	79	-31,2502	79	-48,4276	
79,1	-22,0644	79,1	-31,6305	79,1	-48,322	
79,2	-22,0403	79,2	-32,4708	79,2	-47,9826	
79,3	-22,0543	79,3	-32,8318	79,3	-48,0466	
79,4	-22,0606	79,4	-33,0418	79,4	-48,0632	
79,5	-22,061	79,5	-33,5225	79,5	-48,1605	
79,6	-22,0767	79,6	-33,9551	79,6	-48,3276	
79,7	-22,0932	79,7	-34,1737	79,7	-48,3136	
79,8	-22,1453	79,8	-34,2742	79,8	-48,361	
79,9	-22,1703	79,9	-34,5317	79,9	-48,5619	
80	-22,1917	80	-35,0226	80	-48,6387	
80,1	-22,2192	80,1	-35,1975	80,1	-48,7378	
80,2	-22,257	80,2	-35,2277	80,2	-48,9282	
80,3	-22,2896	80,3	-35,2189	80,3	-49,1393	
80,4	-22,327	80,4	-35,4121	80,4	-49,1909	
80,5	-22,3819	80,5	-35,4262	80,5	-49,2276	
80,6	-22,4242	80,6	-35,5096	80,6	-49,4628	
80,7	-22,441	80,7	-35,5941	80,7	-49,5888	
80,8	-22,4726	80,8	-35,8195	80,8	-49,9636	
80,9	-22,5115	80,9	-35,7852	80,9	-49,846	
81	-22,5197	81	-35,7474	81	-49,7182	
81,1	-22,5596	81,1	-36,0267	81,1	-49,9985	
81,2	-22,6014	81,2	-36,1667	81,2	-50,427	
81,3	-22,6352	81,3	-35,9477	81,3	-50,3807	
81,4	-22,6731	81,4	-36,1696	81,4	-50,4907	
81,5	-22,7152	81,5	-36,2219	81,5	-50,6829	
81,6	-22,7667	81,6	-36,3682	81,6	-50,9562	
81,7	-22,7965	81,7	-36,2528	81,7	-50,9492	
81,8	-22,8258	81,8	-36,1816	81,8	-50,968	
81,9	-22,8391	81,9	-36,0941	81,9	-50,9116	
82	-22,8558	82	-36,2783	82	-51,0362	
82,1	-22,9012	82,1	-36,6233	82,1	-51,4016	
82,2	-22,9413	82,2	-36,6612	82,2	-51,5841	
82,3	-22,9429	82,3	-36,5196	82,3	-51,6421	
82,4	-23,0136	82,4	-36,8418	82,4	-52,2471	
82,5	-23,0448	82,5	-37,1407	82,5	-52,1364	
82,6	-23,0823	82,6	-37,1518	82,6	-52,1864	
82,7	-23,1054	82,7	-37,1792	82,7	-52,4147	
82,8	-23,1476	82,8	-37,4435	82,8	-52,2141	
82,9	-23,1829	82,9	-37,2297	82,9	-52,0303	
83	-23,1795	83	-37,0398	83	-52,0085	
83,1	-23,2484	83,1	-37,5492	83,1	-52,2986	
83,2	-23,2853	83,2	-37,4818	83,2	-52,4269	
83,3	-23,2996	83,3	-37,5874	83,3	-52,3984	
83,4	-23,3358	83,4	-37,9987	83,4	-52,7724	
83,5	-23,3529	83,5	-37,7117	83,5	-52,8975	
83,6	-23,4047	83,6	-38,0688	83,6	-53,228	
83,7	-23,4347	83,7	-37,9522	83,7	-53,1559	
83,8	-23,4376	83,8	-37,9645	83,8	-52,9181	
83,9	-23,4775	83,9	-37,7397	83,9	-52,9329	
84	-23,5287	84	-37,752	84	-53,051	
84,1	-23,5676	84,1	-38,1033	84,1	-53,0411	
84,2	-23,5766	84,2	-38,2217	84,2	-53,2113	
84,3	-23,6317	84,3	-38,2099	84,3	-53,479	
84,4	-23,6827	84,4	-38,6849	84,4	-53,6708	
84,5	-23,7092	84,5	-38,7435	84,5	-53,6439	
84,6	-23,7294	84,6	-38,7165	84,6	-53,9034	
84,7	-23,7522	84,7	-38,8538	84,7	-53,8484	
84,8	-23,7795	84,8	-38,8256	84,8	-53,7972	
84,9	-23,8176	84,9	-39,0973	84,9	-54,1333	
85	-23,8654	85	-39,3708	85	-54,332	
85,1	-23,9056	85,1	-39,284	85,1	-54,2231	
85,2	-23,9374	85,2	-39,5278	85,2	-54,2984	
85,3	-23,9639	85,3	-39,6647	85,3	-54,4284	
85,4	-24,0114	85,4	-39,7611	85,4	-54,5839	
85,5	-24,0084	85,5	-39,6647	85,5	-54,5334	
85,6	-24,0348	85,6	-39,8509	85,6	-54,7173	
85,7	-24,0729	85,7	-40,2055	85,7	-54,9583	
85,8	-24,1107	85,8	-40,102	85,8	-54,7713	
85,9	-24,1692	85,9	-40,3161	85,9	-55,2628	
86	-24,2052	86	-40,6015	86	-55,2509	
86,1	-24,2311	86,1	-40,493	86,1	-54,9614	
86,2	-24,2417	86,2	-40,5905	86,2	-55,2741	
86,3	-24,271	86,3	-40,7354	86,3	-55,3882	
86,4	-24,3202	86,4	-40,732	86,4	-55,8594	
86,5	-24,365	86,5	-40,7445	86,5	-55,5621	
86,6	-24,4294	86,6	-41,4057	86,6	-55,6937	
86,7	-24,4626	86,7	-41,3942	86,7	-55,6226	
86,8	-24,4951	86,8	-41,4991	86,8	-55,7064	
86,9	-24,5114	86,9	-41,489	86,9	-55,5709	
87	-24,5384	87	-41,7377	87	-55,7793	
87,1	-24,6181	87,1	-42,0047	87,1	-56,0269	
87,2	-24,6402	87,2	-41,7853	87,2	-56,3908	
87,3	-24,6714	87,3	-42,2621	87,3	-56,3752	
87,4	-24,6995	87,4	-42,3903	87,4	-56,1476	
87,5	-24,7255	87,5	-42,0124	87,5	-56,0398	
87,6	-24,7544	87,6	-42,0889	87,6	-56,028	
87,7	-24,8096	87,7	-42,2371	87,7	-56,3074	
87,8	-24,8539	87,8	-42,4282	87,8	-56,3177	
87,9	-24,862	87,9	-43,2614	87,9	-56,6622	
88	-24,9127	88	-43,1937	88	-55,9878	
88,1	-24,9663	88,1	-42,8348	88,1	-56,1148	
88,2	-24,9944	88,2	-43,3984	88,2	-56,963	
88,3	-25,0254	88,3	-43,2572	88,3	-56,8255	
88,4	-25,0552	88,4	-43,7619	88,4	-57,1185	
88,5	-25,0964	88,5	-43,709	88,5	-57,0481	
88,6	-25,1429	88,6	-44,5411	88,6	-56,8877	
88,7	-25,2173	88,7	-44,3599	88,7	-57,3307	
88,8	-25,2382	88,8	-43,9041	88,8	-57,185	
88,9	-25,2653	88,9	-44,4109	88,9	-57,0814	
89	-25,3066	89	-44,8119	89	-57,3685	
89,1	-25,3988	89,1	-44,8357	89,1	-57,4351	
89,2	-25,3828	89,2	-44,5698	89,2	-57,1252	
89,3	-25,4286	89,3	-45,051	89,3	-57,5826	
89,4	-25,4734	89,4	-45,5733	89,4	-57,4285	
89,5	-25,4728	89,5	-45,9842	89,5	-57,5438	
89,6	-25,5424	89,6	-45,9	89,6	-57,815	
89,7	-25,5469	89,7	-46,0252	89,7	-57,945	
89,8	-25,554	89,8	-45,8734	89,8	-57,8517	
89,9	-25,7118	89,9	-46,0795	89,9	-57,8736	
90	-25,6976	90	-46,5382	90	-57,8003	
90,1	-25,7394	90,1	-46,8034	90,1	-57,7533	
90,2	-25,8204	90,2	-47,1802	90,2	-57,8581	
90,3	-25,7987	90,3	-47,2056	90,3	-58,3855	
90,4	-25,8403	90,4	-47,5643	90,4	-58,8673	
90,5	-25,9106	90,5	-48,9662	90,5	-59,6487	
90,6	-25,9346	90,6	-49,4269	90,6	-58,6509	
90,7	-26,0163	90,7	-48,1943	90,7	-57,9117	
90,8	-26,036	90,8	-47,9263	90,8	-58,0106	
90,9	-26,0887	90,9	-48,1411	90,9	-58,4678	
91	-26,141	91	-48,2501	91	-58,7327	
91,1	-26,1891	91,1	-49,1102	91,1	-58,3976	
91,2	-26,2351	91,2	-50,648	91,2	-58,3872	
91,3	-26,2714	91,3	-50,1054	91,3	-58,8472	
91,4	-26,3029	91,4	-49,6283	91,4	-58,5405	
91,5	-26,3322	91,5	-48,9636	91,5	-58,4541	
91,6	-26,402	91,6	-49,8193	91,6	-58,6948	
91,7	-26,4443	91,7	-50,4989	91,7	-58,4493	
91,8	-26,5087	91,8	-51,9293	91,8	-58,9278	
91,9	-26,5781	91,9	-51,8221	91,9	-59,2975	
92	-26,6161	92	-52,2011	92	-59,4313	
92,1	-26,6526	92,1	-50,8851	92,1	-59,7823	
92,2	-26,6935	92,2	-50,7601	92,2	-59,1807	
92,3	-26,7613	92,3	-51,2209	92,3	-58,7384	
92,4	-26,8273	92,4	-52,8005	92,4	-59,1345	
92,5	-26,8723	92,5	-53,2383	92,5	-58,7734	
92,6	-26,8683	92,6	-53,1988	92,6	-58,6903	
92,7	-26,9166	92,7	-53,2651	92,7	-59,0856	
92,8	-26,9911	92,8	-54,3517	92,8	-60,2491	
92,9	-26,9978	92,9	-53,2678	92,9	-59,9321	
93	-27,0835	93	-54,1937	93	-59,0802	
93,1	-27,1348	93,1	-54,4827	93,1	-59,2281	
93,2	-27,1899	93,2	-55,1854	93,2	-59,2796	
93,3	-27,2256	93,3	-56,0988	93,3	-59,7	
93,4	-27,2662	93,4	-56,4428	93,4	-59,7617	
93,5	-27,3254	93,5	-56,2444	93,5	-59,7928	
93,6	-27,3657	93,6	-56,8103	93,6	-59,7479	
93,7	-27,4283	93,7	-58,8208	93,7	-59,4906	
93,8	-27,5156	93,8	-58,4854	93,8	-59,431	
93,9	-27,523	93,9	-58,5665	93,9	-59,3498	
94	-27,6007	94	-63,4459	94	-59,676	
94,1	-27,6317	94,1	-62,982	94,1	-59,871	
94,2	-27,7235	94,2	-62,4426	94,2	-59,9607	
94,3	-27,7828	94,3	-66,3087	94,3	-59,7808	
94,4	-27,8433	94,4	-66,6028	94,4	-59,6982	
94,5	-27,8806	94,5	-66,147	94,5	-59,8773	
94,6	-27,9558	94,6	-68,6068	94,6	-59,8244	
94,7	-28,0546	94,7	-72,9537	94,7	-59,5689	
94,8	-28,0692	94,8	-66,7387	94,8	-60,1474	
94,9	-28,1211	94,9	-65,4022	94,9	-60,5013	
95	-28,2249	95	-65,977	95	-60,6768	
95,1	-28,2346	95,1	-65,582	95,1	-60,437	
95,2	-28,2322	95,2	-64,4532	95,2	-60,5635	
95,3	-28,2342	95,3	-65,7714	95,3	-60,5888	
95,4	-28,3794	95,4	-65,0182	95,4	-60,5222	
95,5	-28,519	95,5	-61,2762	95,5	-60,3191	
95,6	-28,5486	95,6	-57,9434	95,6	-60,1413	
95,7	-28,5862	95,7	-64,4531	95,7	-60,3084	
95,8	-28,6364	95,8	-63,1116	95,8	-61,1452	
95,9	-28,7645	95,9	-61,0466	95,9	-60,8285	
96	-28,8241	96	-57,9946	96	-60,802	
96,1	-28,8471	96,1	-59,0446	96,1	-60,9372	
96,2	-28,8608	96,2	-59,7317	96,2	-60,5472	
96,3	-28,9226	96,3	-57,3397	96,3	-60,4699	
96,4	-28,9525	96,4	-56,4151	96,4	-60,5278	
96,5	-28,9935	96,5	-57,1019	96,5	-60,7956	
96,6	-29,1085	96,6	-55,5639	96,6	-61,0811	
96,7	-29,1362	96,7	-55,722	96,7	-61,6135	
96,8	-29,3275	96,8	-56,5126	96,8	-60,3544	
96,9	-29,3965	96,9	-54,3797	96,9	-61,0001	
97	-29,4233	97	-53,5654	97	-60,8184	
97,1	-29,4351	97,1	-53,6057	97,1	-60,7214	
97,2	-29,5327	97,2	-52,6835	97,2	-61,3526	
97,3	-29,6633	97,3	-53,1449	97,3	-60,9747	
97,4	-29,754	97,4	-52,9186	97,4	-60,7936	
97,5	-29,8757	97,5	-52,0723	97,5	-61,2052	
97,6	-29,8818	97,6	-51,9413	97,6	-61,2024	
97,7	-29,9964	97,7	-51,1004	97,7	-60,8918	
97,8	-30,0755	97,8	-51,1825	97,8	-61,1103	
97,9	-30,1378	97,9	-51,1105	97,9	-61,3007	
98	-30,2868	98	-50,6118	98	-60,7504	
98,1	-30,3242	98,1	-50,4859	98,1	-60,7857	
98,2	-30,3468	98,2	-50,6213	98,2	-60,8246	
98,3	-30,4431	98,3	-50,8138	98,3	-61,136	
98,4	-30,5026	98,4	-50,5903	98,4	-60,8293	
98,5	-30,6161	98,5	-50,1292	98,5	-61,3128	
98,6	-30,7952	98,6	-50,0541	98,6	-61,4748	
98,7	-30,8478	98,7	-49,3568	98,7	-63,1862	
98,8	-30,9143	98,8	-49,1867	98,8	-63,1281	
98,9	-31,0053	98,9	-48,937	98,9	-62,3092	
99	-31,0034	99	-49,4526	99	-61,3749	
99,1	-31,1419	99,1	-49,2616	99,1	-60,8111	
99,2	-31,3296	99,2	-48,6	99,2	-61,1831	
99,3	-31,4577	99,3	-48,7285	99,3	-61,2918	
99,4	-31,5281	99,4	-48,468	99,4	-61,2899	
99,5	-31,6188	99,5	-47,9117	99,5	-61,3328	
99,6	-31,7227	99,6	-48,2419	99,6	-61,475	
99,7	-31,7276	99,7	-48,25	99,7	-61,6322	
99,8	-31,8357	99,8	-48,0404	99,8	-62,0949	
99,9	-31,9521	99,9	-47,8622	99,9	-61,9856	
100	-32,1762	100	-47,4366	100	-62,2235	
