Frekvenca [Hz] - Palica 1	Amplituda frekv. prenosne funkcije [dB] - Palica 1	Frekvenca [Hz] - Palica 2	Amplituda frekv. prenosne funkcije [dB] - Palica 2	Frekvenca [Hz] - Palica 3	Amplituda frekv. prenosne funkcije [dB] - Palica 3	
10	-39,9288	10	-39,81	10	-39,8163	
10,1	-39,6629	10,1	-39,6432	10,1	-39,7225	
10,2	-39,4738	10,2	-39,3723	10,2	-39,3604	
10,3	-39,2733	10,3	-39,1393	10,3	-39,0206	
10,4	-38,8587	10,4	-38,6876	10,4	-38,5967	
10,5	-38,482	10,5	-38,2194	10,5	-38,1639	
10,6	-37,9659	10,6	-37,856	10,6	-37,6891	
10,7	-37,614	10,7	-37,5976	10,7	-37,3569	
10,8	-37,3973	10,8	-37,2455	10,8	-37,0889	
10,9	-37,2677	10,9	-36,9801	10,9	-36,884	
11	-37,0575	11	-36,7029	11	-36,6151	
11,1	-36,6234	11,1	-36,1717	11,1	-36,281	
11,2	-36,3315	11,2	-35,8127	11,2	-35,9209	
11,3	-36,1709	11,3	-35,5392	11,3	-35,6019	
11,4	-35,8087	11,4	-35,0656	11,4	-35,1763	
11,5	-35,6751	11,5	-34,9272	11,5	-35,0083	
11,6	-35,4851	11,6	-34,8205	11,6	-34,7785	
11,7	-35,0468	11,7	-34,2808	11,7	-34,0275	
11,8	-34,7737	11,8	-33,8737	11,8	-33,2627	
11,9	-34,4856	11,9	-33,7471	11,9	-32,8295	
12	-34,2242	12	-33,4598	12	-32,5167	
12,1	-34,1044	12,1	-33,2844	12,1	-32,3105	
12,2	-33,8411	12,2	-32,9462	12,2	-32,0749	
12,3	-33,6262	12,3	-32,681	12,3	-31,8279	
12,4	-33,2336	12,4	-32,2232	12,4	-31,3934	
12,5	-32,8334	12,5	-31,7684	12,5	-30,9195	
12,6	-32,7208	12,6	-31,6275	12,6	-30,7897	
12,7	-32,518	12,7	-31,3846	12,7	-30,584	
12,8	-32,4901	12,8	-31,3525	12,8	-30,6778	
12,9	-32,2142	12,9	-31,1385	12,9	-30,4545	
13	-31,8283	13	-30,5683	13	-29,7845	
13,1	-31,6474	13,1	-30,2959	13,1	-29,5202	
13,2	-31,4508	13,2	-30,0965	13,2	-29,3091	
13,3	-31,0777	13,3	-29,6158	13,3	-28,7827	
13,4	-30,8396	13,4	-29,4323	13,4	-28,6395	
13,5	-30,6483	13,5	-29,2117	13,5	-28,409	
13,6	-30,4258	13,6	-28,9165	13,6	-28,0902	
13,7	-30,1958	13,7	-28,6249	13,7	-27,7687	
13,8	-30,06	13,8	-28,5303	13,8	-27,6871	
13,9	-29,6811	13,9	-28,1147	13,9	-27,2538	
14	-29,5053	14	-27,9619	14	-27,0802	
14,1	-29,3152	14,1	-27,7823	14,1	-26,8978	
14,2	-29,1423	14,2	-27,5408	14,2	-26,6665	
14,3	-28,9663	14,3	-27,3537	14,3	-26,4822	
14,4	-28,6157	14,4	-26,9844	14,4	-26,0816	
14,5	-28,2562	14,5	-26,4918	14,5	-25,5557	
14,6	-27,9529	14,6	-26,1015	14,6	-25,1569	
14,7	-27,7435	14,7	-25,8903	14,7	-24,9534	
14,8	-27,3104	14,8	-25,2756	14,8	-24,2982	
14,9	-27,1693	14,9	-25,1119	14,9	-24,1431	
15	-26,9211	15	-24,7687	15	-23,7758	
15,1	-26,5198	15,1	-24,2518	15,1	-23,2341	
15,2	-26,263	15,2	-23,9399	15,2	-22,9224	
15,3	-25,9948	15,3	-23,6259	15,3	-22,5999	
15,4	-25,7948	15,4	-23,4156	15,4	-22,3903	
15,5	-25,4909	15,5	-23,0201	15,5	-21,9848	
15,6	-25,1122	15,6	-22,5482	15,6	-21,4866	
15,7	-24,9594	15,7	-22,3609	15,7	-21,2987	
15,8	-24,5454	15,8	-21,8771	15,8	-20,8134	
15,9	-24,398	15,9	-21,7154	15,9	-20,6519	
16	-23,9587	16	-21,2311	16	-20,1688	
16,1	-23,5414	16,1	-20,6981	16,1	-19,5958	
16,2	-23,1047	16,2	-20,1566	16,2	-19,049	
16,3	-22,7948	16,3	-19,7908	16,3	-18,6819	
16,4	-22,4842	16,4	-19,4193	16,4	-18,3196	
16,5	-22,1892	16,5	-19,0772	16,5	-17,9564	
16,6	-21,6394	16,6	-18,4033	16,6	-17,2567	
16,7	-21,2313	16,7	-17,9087	16,7	-16,7684	
16,8	-21,0988	16,8	-17,7499	16,8	-16,5884	
16,9	-20,7669	16,9	-17,3067	16,9	-16,0318	
17	-20,4159	17	-16,8016	17	-15,3456	
17,1	-20,029	17,1	-16,2988	17,1	-14,695	
17,2	-19,6124	17,2	-15,7445	17,2	-14,0403	
17,3	-19,1801	17,3	-15,1658	17,3	-13,426	
17,4	-18,8314	17,4	-14,7411	17,4	-12,9909	
17,5	-18,2625	17,5	-14,0672	17,5	-12,3087	
17,6	-17,6099	17,6	-13,336	17,6	-11,5811	
17,7	-17,1914	17,7	-12,878	17,7	-11,1334	
17,8	-16,5823	17,8	-12,1712	17,8	-10,4175	
17,9	-15,7593	17,9	-11,2415	17,9	-9,46906	
18	-14,8966	18	-10,2961	18	-8,51135	
18,1	-14,1546	18,1	-9,48924	18,1	-7,67895	
18,2	-13,5617	18,2	-8,80052	18,2	-6,96169	
18,3	-13,2335	18,3	-8,42913	18,3	-6,5852	
18,4	-12,913	18,4	-8,02451	18,4	-6,15753	
18,5	-12,5607	18,5	-7,55663	18,5	-5,6499	
18,6	-11,6306	18,6	-6,4994	18,6	-4,5569	
18,7	-11,0464	18,7	-5,74992	18,7	-3,77474	
18,8	-10,8014	18,8	-5,43664	18,8	-3,43972	
18,9	-10,3989	18,9	-4,94283	18,9	-2,92746	
19	-10,1649	19	-4,58537	19	-2,5507	
19,1	-10,5442	19,1	-4,85599	19,1	-2,80894	
19,2	-11,0605	19,2	-5,29002	19,2	-3,23129	
19,3	-12,2606	19,3	-6,28378	19,3	-4,17941	
19,4	-13,316	19,4	-7,24109	19,4	-5,10995	
19,5	-14,1685	19,5	-7,95435	19,5	-5,79556	
19,6	-14,9732	19,6	-8,61406	19,6	-6,43838	
19,7	-15,6056	19,7	-9,17436	19,7	-6,98047	
19,8	-16,3794	19,8	-9,79504	19,8	-7,56866	
19,9	-17,0727	19,9	-10,3712	19,9	-8,13069	
20	-17,8165	20	-10,9542	20	-8,68218	
20,1	-18,8263	20,1	-11,7965	20,1	-9,48279	
20,2	-19,3072	20,2	-12,1577	20,2	-9,82837	
20,3	-19,8152	20,3	-12,569	20,3	-10,2208	
20,4	-20,5628	20,4	-13,0995	20,4	-10,7117	
20,5	-20,809	20,5	-13,2339	20,5	-10,8241	
20,6	-21,6837	20,6	-13,8874	20,6	-11,4277	
20,7	-22,3139	20,7	-14,3244	20,7	-11,8308	
20,8	-22,4945	20,8	-14,4415	20,8	-11,9377	
20,9	-23,0134	20,9	-14,7232	20,9	-12,19	
21	-23,1804	21	-14,8467	21	-12,3025	
21,1	-24,3283	21,1	-15,6161	21,1	-13,0128	
21,2	-25,0085	21,2	-16,0598	21,2	-13,422	
21,3	-25,0874	21,3	-16,0673	21,3	-13,4124	
21,4	-25,4083	21,4	-16,2341	21,4	-13,5539	
21,5	-25,9559	21,5	-16,5714	21,5	-13,8562	
21,6	-26,8984	21,6	-17,11	21,6	-14,3312	
21,7	-27,2574	21,7	-17,2546	21,7	-14,4447	
21,8	-27,5465	21,8	-17,3923	21,8	-14,5534	
21,9	-27,9376	21,9	-17,562	21,9	-14,7004	
22	-28,8196	22	-17,9786	22	-15,0689	
22,1	-28,8974	22,1	-17,9858	22,1	-15,0682	
22,2	-29,4691	22,2	-18,2402	22,2	-15,2757	
22,3	-29,9907	22,3	-18,4622	22,3	-15,4613	
22,4	-30,684	22,4	-18,7377	22,4	-15,6858	
22,5	-30,7757	22,5	-18,7461	22,5	-15,6983	
22,6	-31,3357	22,6	-18,9239	22,6	-15,8352	
22,7	-31,999	22,7	-19,1366	22,7	-15,9991	
22,8	-32,3309	22,8	-19,2382	22,8	-16,0716	
22,9	-32,8939	22,9	-19,4189	22,9	-16,2085	
23	-33,782	23	-19,6735	23	-16,4081	
23,1	-34,0067	23,1	-19,7436	23,1	-16,4738	
23,2	-34,9132	23,2	-19,9925	23,2	-16,6552	
23,3	-35,3433	23,3	-20,0445	23,3	-16,6788	
23,4	-35,7656	23,4	-20,1476	23,4	-16,7475	
23,5	-36,4818	23,5	-20,2871	23,5	-16,8564	
23,6	-36,7698	23,6	-20,2785	23,6	-16,8324	
23,7	-38,0791	23,7	-20,5015	23,7	-16,9781	
23,8	-38,8648	23,8	-20,6695	23,8	-17,1021	
23,9	-39,3579	23,9	-20,7294	23,9	-17,1449	
24	-40,2931	24	-20,8699	24	-17,2421	
24,1	-40,7854	24,1	-20,8231	24,1	-17,1945	
24,2	-43,0249	24,2	-21,0727	24,2	-17,3591	
24,3	-43,6586	24,3	-21,1597	24,3	-17,4026	
24,4	-44,4024	24,4	-21,2347	24,4	-17,4459	
24,5	-46,2424	24,5	-21,4053	24,5	-17,5627	
24,6	-48,2299	24,6	-21,4442	24,6	-17,5691	
24,7	-48,1624	24,7	-21,5692	24,7	-17,6392	
24,8	-48,7999	24,8	-21,7233	24,8	-17,7453	
24,9	-50,8519	24,9	-21,7386	24,9	-17,7375	
25	-50,3209	25	-21,9449	25	-17,8863	
25,1	-48,6518	25,1	-22,0269	25,1	-17,9494	
25,2	-46,3538	25,2	-22,2018	25,2	-18,0645	
25,3	-44,8141	25,3	-22,3888	25,3	-18,1803	
25,4	-42,7893	25,4	-22,5688	25,4	-18,3008	
25,5	-42,0031	25,5	-22,669	25,5	-18,3563	
25,6	-40,6704	25,6	-22,9151	25,6	-18,5143	
25,7	-39,0491	25,7	-23,2576	25,7	-18,7358	
25,8	-38,0675	25,8	-23,4539	25,8	-18,8581	
25,9	-37,7173	25,9	-23,5162	25,9	-18,9022	
26	-36,8177	26	-23,7463	26	-19,0334	
26,1	-36,5996	26,1	-23,7575	26,1	-19,002	
26,2	-35,8403	26,2	-23,9623	26,2	-19,1242	
26,3	-35,4308	26,3	-24,0188	26,3	-19,1385	
26,4	-35,0712	26,4	-24,0688	26,4	-19,156	
26,5	-34,7075	26,5	-24,1786	26,5	-19,1999	
26,6	-34,2133	26,6	-24,2729	26,6	-19,2165	
26,7	-33,9051	26,7	-24,2989	26,7	-19,2193	
26,8	-33,7403	26,8	-24,3277	26,8	-19,1993	
26,9	-33,4325	26,9	-24,3749	26,9	-19,1962	
27	-33,057	27	-24,4613	27	-19,215	
27,1	-32,6669	27,1	-24,5775	27,1	-19,2668	
27,2	-32,3317	27,2	-24,6739	27,2	-19,2895	
27,3	-32,1901	27,3	-24,6503	27,3	-19,2688	
27,4	-31,8423	27,4	-24,6936	27,4	-19,2457	
27,5	-31,6103	27,5	-24,7382	27,5	-19,2399	
27,6	-31,182	27,6	-24,8826	27,6	-19,2842	
27,7	-30,9623	27,7	-24,9591	27,7	-19,2965	
27,8	-30,7613	27,8	-25,0026	27,8	-19,3092	
27,9	-30,4186	27,9	-25,1272	27,9	-19,3545	
28	-30,207	28	-25,1339	28	-19,2973	
28,1	-29,8976	28,1	-25,2304	28,1	-19,3323	
28,2	-29,6986	28,2	-25,2995	28,2	-19,3521	
28,3	-29,5055	28,3	-25,3978	28,3	-19,3713	
28,4	-29,2575	28,4	-25,4705	28,4	-19,3852	
28,5	-28,98	28,5	-25,5339	28,5	-19,3686	
28,6	-28,8283	28,6	-25,6115	28,6	-19,3858	
28,7	-28,6355	28,7	-25,7041	28,7	-19,4051	
28,8	-28,3898	28,8	-25,7815	28,8	-19,4103	
28,9	-28,266	28,9	-25,8108	28,9	-19,3983	
29	-28,0916	29	-25,8528	29	-19,3661	
29,1	-27,8387	29,1	-25,9724	29,1	-19,4037	
29,2	-27,5413	29,2	-26,0908	29,2	-19,4239	
29,3	-27,3506	29,3	-26,2154	29,3	-19,4656	
29,4	-27,2988	29,4	-26,1107	29,4	-19,3625	
29,5	-27,0857	29,5	-26,2732	29,5	-19,3838	
29,6	-26,8628	29,6	-26,4513	29,6	-19,4664	
29,7	-26,5836	29,7	-26,5946	29,7	-19,4703	
29,8	-26,4475	29,8	-26,6456	29,8	-19,4799	
29,9	-26,2832	29,9	-26,6439	29,9	-19,4286	
30	-26,1244	30	-26,7303	30	-19,4197	
30,1	-26,0924	30,1	-26,6843	30,1	-19,3407	
30,2	-25,8215	30,2	-26,7659	30,2	-19,3185	
30,3	-25,6282	30,3	-26,9253	30,3	-19,3042	
30,4	-25,4687	30,4	-26,9982	30,4	-19,2478	
30,5	-25,3758	30,5	-27,0074	30,5	-19,1838	
30,6	-25,2463	30,6	-27,0883	30,6	-19,0959	
30,7	-25,1265	30,7	-27,1263	30,7	-19,0195	
30,8	-24,8705	30,8	-27,3072	30,8	-18,9582	
30,9	-24,7747	30,9	-27,3543	30,9	-18,9084	
31	-24,6585	31	-27,3957	31	-18,8523	
31,1	-24,565	31,1	-27,4484	31,1	-18,8201	
31,2	-24,376	31,2	-27,5841	31,2	-18,8005	
31,3	-24,3144	31,3	-27,5982	31,3	-18,7599	
31,4	-24,1543	31,4	-27,7937	31,4	-18,7983	
31,5	-23,9782	31,5	-27,9022	31,5	-18,7544	
31,6	-23,9092	31,6	-27,9679	31,6	-18,7221	
31,7	-23,7883	31,7	-28,0681	31,7	-18,7073	
31,8	-23,6548	31,8	-28,2003	31,8	-18,6992	
31,9	-23,5067	31,9	-28,4238	31,9	-18,7058	
32	-23,4	32	-28,4871	32	-18,6729	
32,1	-23,3006	32,1	-28,5351	32,1	-18,6253	
32,2	-23,1835	32,2	-28,7238	32,2	-18,6157	
32,3	-23,1177	32,3	-28,8046	32,3	-18,5848	
32,4	-23,0125	32,4	-28,871	32,4	-18,5494	
32,5	-22,8859	32,5	-29,0155	32,5	-18,5462	
32,6	-22,7644	32,6	-29,1715	32,6	-18,5293	
32,7	-22,6525	32,7	-29,257	32,7	-18,4547	
32,8	-22,5292	32,8	-29,3486	32,8	-18,4227	
32,9	-22,397	32,9	-29,5493	32,9	-18,3964	
33	-22,2736	33	-29,5006	33	-18,3309	
33,1	-22,126	33,1	-29,6058	33,1	-18,2737	
33,2	-22,0324	33,2	-29,7724	33,2	-18,2767	
33,3	-21,8814	33,3	-29,9336	33,3	-18,1975	
33,4	-21,7642	33,4	-29,9857	33,4	-18,1709	
33,5	-21,5884	33,5	-30,1721	33,5	-18,151	
33,6	-21,4439	33,6	-30,3247	33,6	-18,0983	
33,7	-21,3127	33,7	-30,4052	33,7	-18,0429	
33,8	-21,1809	33,8	-30,5818	33,8	-18,0251	
33,9	-21,0512	33,9	-30,7071	33,9	-17,9682	
34	-20,9129	34	-30,7994	34	-17,9296	
34,1	-20,7186	34,1	-30,9288	34,1	-17,8754	
34,2	-20,5964	34,2	-31,0669	34,2	-17,8355	
34,3	-20,4683	34,3	-31,3152	34,3	-17,8116	
34,4	-20,3108	34,4	-31,4946	34,4	-17,7468	
34,5	-20,1823	34,5	-31,4852	34,5	-17,6624	
34,6	-20,0453	34,6	-31,6228	34,6	-17,6221	
34,7	-19,9046	34,7	-31,805	34,7	-17,5912	
34,8	-19,7971	34,8	-31,8735	34,8	-17,5109	
34,9	-19,6474	34,9	-32,017	34,9	-17,4526	
35	-19,5008	35	-32,2722	35	-17,4133	
35,1	-19,3962	35,1	-32,3389	35,1	-17,352	
35,2	-19,2631	35,2	-32,3757	35,2	-17,2766	
35,3	-19,1533	35,3	-32,521	35,3	-17,2387	
35,4	-18,9875	35,4	-32,8695	35,4	-17,1676	
35,5	-18,8551	35,5	-33,0607	35,5	-17,0915	
35,6	-18,7046	35,6	-33,3296	35,6	-17,042	
35,7	-18,6095	35,7	-33,4275	35,7	-16,9935	
35,8	-18,4187	35,8	-33,712	35,8	-16,9212	
35,9	-18,2686	35,9	-33,9403	35,9	-16,8357	
36	-18,1492	36	-34,202	36	-16,7869	
36,1	-18,0374	36,1	-34,446	36,1	-16,7401	
36,2	-17,8854	36,2	-34,3377	36,2	-16,64	
36,3	-17,7935	36,3	-34,627	36,3	-16,5906	
36,4	-17,6316	36,4	-35,0828	36,4	-16,5297	
36,5	-17,5007	36,5	-35,5855	36,5	-16,4686	
36,6	-17,3178	36,6	-36,0171	36,6	-16,3741	
36,7	-17,2307	36,7	-36,187	36,7	-16,3097	
36,8	-17,127	36,8	-36,3074	36,8	-16,2439	
36,9	-16,9642	36,9	-36,7764	36,9	-16,1416	
37	-16,8371	37	-37,2815	37	-16,0755	
37,1	-16,7015	37,1	-37,6376	37,1	-16,0002	
37,2	-16,5631	37,2	-37,9406	37,2	-15,9104	
37,3	-16,4222	37,3	-38,5529	37,3	-15,8452	
37,4	-16,2806	37,4	-39,1238	37,4	-15,777	
37,5	-16,1474	37,5	-39,5371	37,5	-15,6673	
37,6	-16,0218	37,6	-40,3727	37,6	-15,5982	
37,7	-15,9088	37,7	-41,3064	37,7	-15,5227	
37,8	-15,7996	37,8	-41,699	37,8	-15,4354	
37,9	-15,64	37,9	-42,8784	37,9	-15,3537	
38	-15,5445	38	-43,6543	38	-15,2776	
38,1	-15,3655	38,1	-44,5115	38,1	-15,1723	
38,2	-15,3399	38,2	-44,7193	38,2	-15,1674	
38,3	-15,1912	38,3	-46,1391	38,3	-15,0786	
38,4	-15,0579	38,4	-47,8432	38,4	-15,0005	
38,5	-14,9069	38,5	-50,9793	38,5	-14,925	
38,6	-14,809	38,6	-51,3939	38,6	-14,8612	
38,7	-14,7244	38,7	-49,68	38,7	-14,8175	
38,8	-14,6027	38,8	-47,9325	38,8	-14,7347	
38,9	-14,4785	38,9	-45,6544	38,9	-14,6837	
39	-14,4009	39	-44,8675	39	-14,6584	
39,1	-14,2661	39,1	-43,3529	39,1	-14,5789	
39,2	-14,1849	39,2	-41,9209	39,2	-14,5485	
39,3	-14,1123	39,3	-40,7904	39,3	-14,5259	
39,4	-14,0407	39,4	-39,8745	39,4	-14,4956	
39,5	-13,9379	39,5	-38,8366	39,5	-14,4369	
39,6	-13,8401	39,6	-37,6998	39,6	-14,3985	
39,7	-13,7383	39,7	-36,6221	39,7	-14,3592	
39,8	-13,628	39,8	-35,6098	39,8	-14,3101	
39,9	-13,537	39,9	-35,1649	39,9	-14,2593	
40	-13,3963	40	-34,2859	40	-14,1959	
40,1	-13,3012	40,1	-33,7183	40,1	-14,1539	
40,2	-13,1567	40,2	-32,7125	40,2	-14,08	
40,3	-13,045	40,3	-32,1798	40,3	-14,0188	
40,4	-12,9477	40,4	-31,8057	40,4	-13,9372	
40,5	-12,8413	40,5	-31,4851	40,5	-13,8359	
40,6	-12,685	40,6	-30,9106	40,6	-13,7251	
40,7	-12,5163	40,7	-30,0328	40,7	-13,6311	
40,8	-12,4254	40,8	-29,768	40,8	-13,5791	
40,9	-12,2188	40,9	-29,0776	40,9	-13,4336	
41	-12,0512	41	-28,4617	41	-13,3401	
41,1	-11,9839	41,1	-28,2812	41,1	-13,2899	
41,2	-11,722	41,2	-27,5339	41,2	-13,071	
41,3	-11,5593	41,3	-27,068	41,3	-12,9107	
41,4	-11,4306	41,4	-26,7532	41,4	-12,8255	
41,5	-11,3125	41,5	-26,3979	41,5	-12,7396	
41,6	-11,1543	41,6	-25,9612	41,6	-12,6206	
41,7	-11,0531	41,7	-25,7389	41,7	-12,5255	
41,8	-10,7687	41,8	-24,9998	41,8	-12,3043	
41,9	-10,6294	41,9	-24,7649	41,9	-12,1831	
42	-10,4365	42	-24,3111	42	-12,0113	
42,1	-10,2853	42,1	-23,9619	42,1	-11,8819	
42,2	-10,0914	42,2	-23,5468	42,2	-11,7114	
42,3	-9,92254	42,3	-23,2175	42,3	-11,565	
42,4	-9,74111	42,4	-22,8498	42,4	-11,4062	
42,5	-9,61737	42,5	-22,5422	42,5	-11,2846	
42,6	-9,33333	42,6	-21,9829	42,6	-11,0408	
42,7	-9,16209	42,7	-21,6698	42,7	-10,8958	
42,8	-9,00044	42,8	-21,3741	42,8	-10,7477	
42,9	-8,84943	42,9	-21,0686	42,9	-10,6281	
43	-8,57276	43	-20,492	43	-10,391	
43,1	-8,33402	43,1	-20,0724	43,1	-10,1713	
43,2	-8,1858	43,2	-19,8342	43,2	-10,0195	
43,3	-8,04224	43,3	-19,587	43,3	-9,86938	
43,4	-7,83791	43,4	-19,2294	43,4	-9,68547	
43,5	-7,42931	43,5	-18,4178	43,5	-9,32552	
43,6	-7,23926	43,6	-18,0993	43,6	-9,14216	
43,7	-7,11886	43,7	-17,9268	43,7	-9,02816	
43,8	-6,89034	43,8	-17,5621	43,8	-8,81359	
43,9	-6,6531	43,9	-17,1589	43,9	-8,59763	
44	-6,36799	44	-16,7345	44	-8,32031	
44,1	-6,17959	44,1	-16,427	44,1	-8,13549	
44,2	-6,02574	44,2	-16,179	44,2	-7,98033	
44,3	-5,63407	44,3	-15,5378	44,3	-7,61059	
44,4	-5,43722	44,4	-15,2234	44,4	-7,42816	
44,5	-5,11391	44,5	-14,7375	44,5	-7,11207	
44,6	-4,87312	44,6	-14,3553	44,6	-6,89109	
44,7	-4,55362	44,7	-13,9159	44,7	-6,57487	
44,8	-4,32765	44,8	-13,5861	44,8	-6,34814	
44,9	-4,08495	44,9	-13,2015	44,9	-6,11789	
45	-3,68943	45	-12,631	45	-5,72756	
45,1	-3,4037	45,1	-12,2248	45,1	-5,44391	
45,2	-2,99989	45,2	-11,6397	45,2	-5,05809	
45,3	-2,68769	45,3	-11,2198	45,3	-4,74366	
45,4	-2,46864	45,4	-10,9337	45,4	-4,52716	
45,5	-2,0519	45,5	-10,3526	45,5	-4,11337	
45,6	-1,73653	45,6	-9,93393	45,6	-3,80622	
45,7	-1,38468	45,7	-9,47246	45,7	-3,45389	
45,8	-0,939276	45,8	-8,89788	45,8	-3,02031	
45,9	-0,653784	45,9	-8,51073	45,9	-2,7343	
46	0,00610086	46	-7,64443	46	-2,0654	
46,1	0,329918	46,1	-7,23933	46,1	-1,7554	
46,2	0,749361	46,2	-6,71656	46,2	-1,33994	
46,3	1,26123	46,3	-6,06602	46,3	-0,816424	
46,4	1,72927	46,4	-5,49786	46,4	-0,336201	
46,5	2,1611	46,5	-5,00319	46,5	0,0856344	
46,6	2,51669	46,6	-4,53914	46,6	0,450863	
46,7	3,06173	46,7	-3,84072	46,7	1,01661	
46,8	4,01171	46,8	-2,71505	46,8	1,97038	
46,9	4,75583	46,9	-1,84411	46,9	2,71033	
47	5,55151	47	-0,91077	47	3,50975	
47,1	6,0844	47,1	-0,289478	47,1	4,04805	
47,2	6,76534	47,2	0,475152	47,2	4,74324	
47,3	7,67895	47,3	1,55972	47,3	5,67862	
47,4	8,69983	47,4	2,72299	47,4	6,71972	
47,5	9,66106	47,5	3,785	47,5	7,69991	
47,6	10,2704	47,6	4,48992	47,6	8,32605	
47,7	10,9316	47,7	5,33054	47,7	9,01749	
47,8	11,4901	47,8	5,94474	47,8	9,59328	
47,9	11,8776	47,9	6,49967	47,9	9,97449	
48	12,3571	48	7,07499	48	10,4792	
48,1	11,8128	48,1	6,69656	48,1	9,95989	
48,2	11,2671	48,2	6,25053	48,2	9,43711	
48,3	10,0636	48,3	5,16495	48,3	8,26293	
48,4	9,5162	48,4	4,70475	48,4	7,71805	
48,5	7,94269	48,5	3,32844	48,5	6,18538	
48,6	7,5043	48,6	3,00685	48,6	5,76991	
48,7	7,03383	48,7	2,61706	48,7	5,31129	
48,8	6,16616	48,8	1,89501	48,8	4,48775	
48,9	5,33742	48,9	1,19147	48,9	3,67703	
49	4,65749	49	0,61135	49	3,02056	
49,1	4,06022	49,1	0,129515	49,1	2,44844	
49,2	3,55325	49,2	-0,294888	49,2	1,96462	
49,3	2,96071	49,3	-0,766067	49,3	1,41051	
49,4	2,08155	49,4	-1,43648	49,4	0,589635	
49,5	1,65125	49,5	-1,75829	49,5	0,194868	
49,6	1,01103	49,6	-2,24349	49,6	-0,383916	
49,7	0,837724	49,7	-2,37655	49,7	-0,543986	
49,8	0,328933	49,8	-2,73145	49,8	-0,999685	
49,9	-0,0323494	49,9	-2,98829	49,9	-1,31942	
50	-0,432777	50	-3,27431	50	-1,66436	
50,1	-0,919515	50,1	-3,61616	50,1	-2,06412	
50,2	-1,27369	50,2	-3,85249	50,2	-2,3787	
50,3	-1,57785	50,3	-4,07871	50,3	-2,65353	
50,4	-1,96824	50,4	-4,31425	50,4	-2,9745	
50,5	-2,17766	50,5	-4,44024	50,5	-3,14995	
50,6	-2,67361	50,6	-4,77173	50,6	-3,55957	
50,7	-3,05941	50,7	-4,97958	50,7	-3,83744	
50,8	-3,48075	50,8	-5,22038	50,8	-4,16059	
50,9	-3,67139	50,9	-5,3255	50,9	-4,31673	
51	-4,00447	51	-5,52357	51	-4,56362	
51,1	-4,29064	51,1	-5,67253	51,1	-4,76695	
51,2	-4,56473	51,2	-5,80776	51,2	-4,96689	
51,3	-4,78087	51,3	-5,91857	51,3	-5,12596	
51,4	-5,067	51,4	-6,06546	51,4	-5,34123	
51,5	-5,44071	51,5	-6,2533	51,5	-5,61044	
51,6	-5,72139	51,6	-6,37511	51,6	-5,81063	
51,7	-5,90951	51,7	-6,45725	51,7	-5,94206	
51,8	-6,25112	51,8	-6,62281	51,8	-6,19565	
51,9	-6,44098	51,9	-6,69404	51,9	-6,32512	
52	-6,55891	52	-6,72836	52	-6,38595	
52,1	-6,9399	52,1	-6,90079	52,1	-6,64461	
52,2	-7,23032	52,2	-7,01809	52,2	-6,85042	
52,3	-7,46617	52,3	-7,11541	52,3	-6,99993	
52,4	-7,70603	52,4	-7,18621	52,4	-7,14442	
52,5	-7,88525	52,5	-7,2423	52,5	-7,25492	
52,6	-8,27237	52,6	-7,36017	52,6	-7,51184	
52,7	-8,45411	52,7	-7,41169	52,7	-7,61686	
52,8	-8,69023	52,8	-7,48475	52,8	-7,7576	
52,9	-8,90144	52,9	-7,54086	52,9	-7,87771	
53	-9,13768	53	-7,58289	53	-8,01241	
53,1	-9,39931	53,1	-7,65222	53,1	-8,16246	
53,2	-9,60758	53,2	-7,70592	53,2	-8,26531	
53,3	-9,89458	53,3	-7,77343	53,3	-8,40642	
53,4	-10,1348	53,4	-7,82663	53,4	-8,52932	
53,5	-10,4288	53,5	-7,86862	53,5	-8,65202	
53,6	-10,5829	53,6	-7,89396	53,6	-8,7403	
53,7	-10,7897	53,7	-7,93409	53,7	-8,83878	
53,8	-11,0673	53,8	-7,96976	53,8	-8,95545	
53,9	-11,3488	53,9	-8,01136	53,9	-9,10152	
54	-11,4753	54	-8,02798	54	-9,14352	
54,1	-11,7053	54,1	-8,05464	54,1	-9,2385	
54,2	-12,0267	54,2	-8,08922	54,2	-9,37402	
54,3	-12,3685	54,3	-8,11028	54,3	-9,51207	
54,4	-12,5833	54,4	-8,13153	54,4	-9,57934	
54,5	-12,7929	54,5	-8,15563	54,5	-9,65763	
54,6	-13,1124	54,6	-8,18316	54,6	-9,76657	
54,7	-13,297	54,7	-8,18477	54,7	-9,81089	
54,8	-13,6074	54,8	-8,18426	54,8	-9,88578	
54,9	-13,7614	54,9	-8,1806	54,9	-9,92212	
55	-14,1361	55	-8,17912	55	-10,0152	
55,1	-14,4564	55,1	-8,1867	55,1	-10,1162	
55,2	-14,7388	55,2	-8,18863	55,2	-10,1833	
55,3	-14,9668	55,3	-8,18218	55,3	-10,2105	
55,4	-15,3012	55,4	-8,17582	55,4	-10,2908	
55,5	-15,6808	55,5	-8,19668	55,5	-10,4087	
55,6	-15,9749	55,6	-8,19045	55,6	-10,4595	
55,7	-16,2555	55,7	-8,16749	55,7	-10,4827	
55,8	-16,4888	55,8	-8,14577	55,8	-10,5011	
55,9	-16,8722	55,9	-8,13048	55,9	-10,5566	
56	-17,3581	56	-8,11144	56	-10,6259	
56,1	-17,5913	56,1	-8,09492	56,1	-10,6483	
56,2	-18,0269	56,2	-8,08826	56,2	-10,7009	
56,3	-18,4029	56,3	-8,05815	56,3	-10,744	
56,4	-18,9423	56,4	-8,03676	56,4	-10,8339	
56,5	-19,3049	56,5	-8,00242	56,5	-10,8391	
56,6	-19,7508	56,6	-7,96149	56,6	-10,8489	
56,7	-20,2311	56,7	-7,94429	56,7	-10,9004	
56,8	-20,7626	56,8	-7,89452	56,8	-10,9151	
56,9	-21,0787	56,9	-7,87574	56,9	-10,9283	
57	-22,0753	57	-7,83153	57	-10,9639	
57,1	-22,6083	57,1	-7,78897	57,1	-10,9854	
57,2	-23,292	57,2	-7,73504	57,2	-10,9977	
57,3	-23,8311	57,3	-7,70001	57,3	-11,0295	
57,4	-24,5679	57,4	-7,67438	57,4	-11,0519	
57,5	-25,3777	57,5	-7,63814	57,5	-11,0635	
57,6	-26,0376	57,6	-7,60127	57,6	-11,0844	
57,7	-26,7274	57,7	-7,53772	57,7	-11,0704	
57,8	-28,3151	57,8	-7,45283	57,8	-11,0545	
57,9	-28,8524	57,9	-7,41747	57,9	-11,0854	
58	-29,3735	58	-7,35937	58	-11,0949	
58,1	-29,8129	58,1	-7,31559	58,1	-11,0871	
58,2	-30,3438	58,2	-7,22305	58,2	-11,0666	
58,3	-30,8142	58,3	-7,14275	58,3	-11,0576	
58,4	-30,2187	58,4	-7,07309	58,4	-11,0406	
58,5	-28,6851	58,5	-7,00813	58,5	-11,0141	
58,6	-27,4888	58,6	-6,94965	58,6	-11,0074	
58,7	-26,606	58,7	-6,85956	58,7	-10,9843	
58,8	-25,8398	58,8	-6,77924	58,8	-10,9581	
58,9	-24,6976	58,9	-6,70682	58,9	-10,9416	
59	-23,9289	59	-6,61349	59	-10,9129	
59,1	-23,0739	59,1	-6,53579	59,1	-10,8794	
59,2	-22,4297	59,2	-6,46553	59,2	-10,8705	
59,3	-21,2823	59,3	-6,3444	59,3	-10,8266	
59,4	-20,6581	59,4	-6,26105	59,4	-10,7801	
59,5	-20,0133	59,5	-6,18455	59,5	-10,7567	
59,6	-19,2744	59,6	-6,07165	59,6	-10,7014	
59,7	-18,6077	59,7	-5,94935	59,7	-10,6379	
59,8	-18,1973	59,8	-5,86572	59,8	-10,594	
59,9	-17,3637	59,9	-5,74156	59,9	-10,5418	
60	-16,7381	60	-5,62096	60	-10,4774	
60,1	-16,2074	60,1	-5,50168	60,1	-10,4107	
60,2	-15,8071	60,2	-5,40695	60,2	-10,3613	
60,3	-15,272	60,3	-5,29303	60,3	-10,3106	
60,4	-14,7655	60,4	-5,16169	60,4	-10,2084	
60,5	-14,3286	60,5	-5,04457	60,5	-10,1271	
60,6	-13,5603	60,6	-4,84524	60,6	-10,0203	
60,7	-13,1725	60,7	-4,73736	60,7	-9,95562	
60,8	-12,8671	60,8	-4,62125	60,8	-9,88138	
60,9	-12,4747	60,9	-4,48742	60,9	-9,7919	
61	-11,887	61	-4,31809	61	-9,68896	
61,1	-11,3327	61,1	-4,09991	61,1	-9,53479	
61,2	-10,9122	61,2	-3,96087	61,2	-9,44507	
61,3	-10,3993	61,3	-3,77813	61,3	-9,31295	
61,4	-9,96447	61,4	-3,59537	61,4	-9,17756	
61,5	-9,64517	61,5	-3,46347	61,5	-9,07348	
61,6	-9,03194	61,6	-3,20413	61,6	-8,87961	
61,7	-8,71083	61,7	-3,06899	61,7	-8,77972	
61,8	-8,1827	61,8	-2,83036	61,8	-8,60548	
61,9	-7,80232	61,9	-2,64606	61,9	-8,47105	
62	-7,36137	62	-2,41917	62	-8,27857	
62,1	-6,86261	62,1	-2,1665	62,1	-8,08596	
62,2	-6,50689	62,2	-2,0008	62,2	-7,96235	
62,3	-5,99682	62,3	-1,74358	62,3	-7,76559	
62,4	-5,45056	62,4	-1,4314	62,4	-7,50624	
62,5	-4,984	62,5	-1,1662	62,5	-7,27976	
62,6	-4,73343	62,6	-1,00511	62,6	-7,14354	
62,7	-4,05162	62,7	-0,615925	62,7	-6,8255	
62,8	-3,64898	62,8	-0,381061	62,8	-6,63093	
62,9	-3,23977	62,9	-0,121094	62,9	-6,41333	
63	-2,54936	63	0,33367	63	-6,03089	
63,1	-2,01228	63,1	0,686206	63,1	-5,7165	
63,2	-1,70792	63,2	0,864806	63,2	-5,57483	
63,3	-0,925203	63,3	1,40175	63,3	-5,11075	
63,4	-0,44275	63,4	1,75803	63,4	-4,77974	
63,5	0,124997	63,5	2,15747	63,5	-4,42536	
63,6	0,680196	63,6	2,55388	63,6	-4,0728	
63,7	1,33927	63,7	3,04441	63,7	-3,62907	
63,8	2,18661	63,8	3,70536	63,8	-3,02905	
63,9	3,11616	63,9	4,40823	63,9	-2,39996	
64	3,60333	64	4,78697	64	-2,06017	
64,1	4,4035	64,1	5,44488	64,1	-1,4423	
64,2	4,95258	64,2	5,90509	64,2	-1,00336	
64,3	5,82396	64,3	6,61943	64,3	-0,327144	
64,4	7,13169	64,4	7,71023	64,4	0,6869	
64,5	7,94061	64,5	8,37377	64,5	1,311	
64,6	8,39656	64,6	8,74002	64,6	1,65543	
64,7	9,38775	64,7	9,59767	64,7	2,47525	
64,8	10,3674	64,8	10,418	64,8	3,24673	
64,9	11,402	64,9	11,3202	64,9	4,09751	
65	12,2952	65	12,0281	65	4,71925	
65,1	12,5512	65,1	12,189	65,1	4,84398	
65,2	12,7687	65,2	12,2611	65,2	4,86612	
65,3	12,6334	65,3	11,9971	65,3	4,56604	
65,4	12,0475	65,4	11,2721	65,4	3,79332	
65,5	11,3798	65,5	10,4526	65,5	2,91746	
65,6	10,8657	65,6	9,86799	65,6	2,33032	
65,7	9,71206	65,7	8,53019	65,7	0,941256	
65,8	9,0227	65,8	7,74333	65,8	0,107968	
65,9	8,25679	65,9	6,84064	65,9	-0,861965	
66	7,40763	66	5,86592	66	-1,87079	
66,1	7,05263	66,1	5,44449	66,1	-2,30638	
66,2	6,38244	66,2	4,62992	66,2	-3,20431	
66,3	5,71023	66,3	3,83376	66,3	-4,03791	
66,4	5,52233	66,4	3,60022	66,4	-4,29475	
66,5	4,86141	66,5	2,77766	66,5	-5,18156	
66,6	4,31235	66,6	2,10648	66,6	-5,91692	
66,7	3,8071	66,7	1,49426	66,7	-6,57146	
66,8	3,38212	66,8	0,948164	66,8	-7,18248	
66,9	2,96514	66,9	0,428762	66,9	-7,71962	
67	2,76359	67	0,163649	67	-7,9853	
67,1	2,15957	67,1	-0,636731	67,1	-8,88125	
67,2	1,87086	67,2	-0,990513	67,2	-9,2407	
67,3	1,52116	67,3	-1,45747	67,3	-9,78405	
67,4	1,2829	67,4	-1,76628	67,4	-10,1074	
67,5	1,04019	67,5	-2,10174	67,5	-10,4838	
67,6	0,753275	67,6	-2,47218	67,6	-10,8895	
67,7	0,457728	67,7	-2,89321	67,7	-11,3618	
67,8	0,116225	67,8	-3,42182	67,8	-12,0041	
67,9	-0,126327	67,9	-3,73054	67,9	-12,3368	
68	-0,349256	68	-4,03804	68	-12,6803	
68,1	-0,473128	68,1	-4,21719	68,1	-12,901	
68,2	-0,815595	68,2	-4,68894	68,2	-13,4069	
68,3	-0,935135	68,3	-4,88542	68,3	-13,6541	
68,4	-1,16519	68,4	-5,2165	68,4	-14,0231	
68,5	-1,39055	68,5	-5,53168	68,5	-14,3484	
68,6	-1,56262	68,6	-5,78612	68,6	-14,6378	
68,7	-1,72385	68,7	-6,02469	68,7	-14,9251	
68,8	-1,99241	68,8	-6,41835	68,8	-15,3674	
68,9	-2,12007	68,9	-6,58772	68,9	-15,5425	
69	-2,28729	69	-6,83544	69	-15,8328	
69,1	-2,43439	69,1	-7,09982	69,1	-16,1705	
69,2	-2,59754	69,2	-7,36676	69,2	-16,4809	
69,3	-2,70225	69,3	-7,51213	69,3	-16,6481	
69,4	-2,93164	69,4	-7,87577	69,4	-17,1048	
69,5	-3,03614	69,5	-8,05528	69,5	-17,3405	
69,6	-3,22801	69,6	-8,36567	69,6	-17,7378	
69,7	-3,36423	69,7	-8,57611	69,7	-17,946	
69,8	-3,48949	69,8	-8,76914	69,8	-18,1584	
69,9	-3,56607	69,9	-8,8898	69,9	-18,2677	
70	-3,75535	70	-9,20458	70	-18,6305	
70,1	-3,86627	70,1	-9,38319	70,1	-18,8632	
70,2	-3,96592	70,2	-9,54853	70,2	-19,0679	
70,3	-4,13142	70,3	-9,81825	70,3	-19,377	
70,4	-4,20106	70,4	-9,92721	70,4	-19,5164	
70,5	-4,34277	70,5	-10,1823	70,5	-19,8505	
70,6	-4,45524	70,6	-10,3717	70,6	-20,0939	
70,7	-4,59696	70,7	-10,6183	70,7	-20,4056	
70,8	-4,72007	70,8	-10,8446	70,8	-20,6929	
70,9	-4,76755	70,9	-10,9095	70,9	-20,7683	
71	-4,86745	71	-11,085	71	-20,9085	
71,1	-4,96794	71,1	-11,2566	71,1	-21,1726	
71,2	-5,08214	71,2	-11,4203	71,2	-21,3343	
71,3	-5,15976	71,3	-11,5809	71,3	-21,5209	
71,4	-5,30322	71,4	-11,8505	71,4	-21,9127	
71,5	-5,38035	71,5	-11,9863	71,5	-22,0673	
71,6	-5,46432	71,6	-12,1549	71,6	-22,3031	
71,7	-5,53394	71,7	-12,2914	71,7	-22,4635	
71,8	-5,6893	71,8	-12,536	71,8	-22,81	
71,9	-5,74367	71,9	-12,6285	71,9	-22,9183	
72	-5,83839	72	-12,8233	72	-23,1364	
72,1	-5,93385	72,1	-12,9938	72,1	-23,3124	
72,2	-6,03497	72,2	-13,1893	72,2	-23,6218	
72,3	-6,09299	72,3	-13,2857	72,3	-23,7916	
72,4	-6,16639	72,4	-13,421	72,4	-24,02	
72,5	-6,24979	72,5	-13,5907	72,5	-24,2014	
72,6	-6,33969	72,6	-13,7632	72,6	-24,4129	
72,7	-6,41187	72,7	-13,9249	72,7	-24,6484	
72,8	-6,4645	72,8	-13,9915	72,8	-24,6966	
72,9	-6,53312	72,9	-14,1263	72,9	-24,8713	
73	-6,62194	73	-14,3008	73	-25,1592	
73,1	-6,71255	73,1	-14,4784	73,1	-25,3993	
73,2	-6,75666	73,2	-14,5637	73,2	-25,4933	
73,3	-6,81554	73,3	-14,6736	73,3	-25,6756	
73,4	-6,90878	73,4	-14,817	73,4	-25,7698	
73,5	-6,94756	73,5	-14,9044	73,5	-26,0119	
73,6	-7,03896	73,6	-15,0756	73,6	-26,301	
73,7	-7,13337	73,7	-15,288	73,7	-26,5895	
73,8	-7,20604	73,8	-15,4261	73,8	-26,7951	
73,9	-7,25559	73,9	-15,4944	73,9	-26,946	
74	-7,2808	74	-15,5591	74	-27,0396	
74,1	-7,38263	74,1	-15,7609	74,1	-27,2905	
74,2	-7,4657	74,2	-15,9255	74,2	-27,5411	
74,3	-7,51907	74,3	-16,0317	74,3	-27,7546	
74,4	-7,563	74,4	-16,1034	74,4	-27,7913	
74,5	-7,65536	74,5	-16,3004	74,5	-28,1207	
74,6	-7,69404	74,6	-16,3751	74,6	-28,2679	
74,7	-7,76429	74,7	-16,5308	74,7	-28,5448	
74,8	-7,81361	74,8	-16,6428	74,8	-28,7992	
74,9	-7,89148	74,9	-16,7653	74,9	-28,963	
75	-7,9362	75	-16,8066	75	-29,0411	
75,1	-7,97509	75,1	-16,8848	75,1	-29,1948	
75,2	-8,03025	75,2	-17,0049	75,2	-29,494	
75,3	-8,09171	75,3	-17,0937	75,3	-29,6966	
75,4	-8,15192	75,4	-17,2194	75,4	-29,9017	
75,5	-8,19326	75,5	-17,2704	75,5	-29,9099	
75,6	-8,27388	75,6	-17,4658	75,6	-30,4037	
75,7	-8,35031	75,7	-17,603	75,7	-30,5758	
75,8	-8,39274	75,8	-17,6925	75,8	-30,7712	
75,9	-8,45233	75,9	-17,7796	75,9	-30,9142	
76	-8,51568	76	-17,8756	76	-31,1851	
76,1	-8,56101	76,1	-17,9396	76,1	-31,3967	
76,2	-8,61165	76,2	-18,0526	76,2	-31,6248	
76,3	-8,66249	76,3	-18,0892	76,3	-31,6236	
76,4	-8,70624	76,4	-18,1808	76,4	-31,9822	
76,5	-8,76533	76,5	-18,3117	76,5	-32,3498	
76,6	-8,82134	76,6	-18,4074	76,6	-32,4463	
76,7	-8,90391	76,7	-18,5811	76,7	-32,7752	
76,8	-8,92963	76,8	-18,5824	76,8	-32,7813	
76,9	-8,9913	76,9	-18,6812	76,9	-33,0261	
77	-9,0278	77	-18,7363	77	-33,1519	
77,1	-9,08198	77,1	-18,8806	77,1	-33,1989	
77,2	-9,1057	77,2	-18,9117	77,2	-32,9091	
77,3	-9,1508	77,3	-19,0152	77,3	-32,7828	
77,4	-9,20622	77,4	-19,1326	77,4	-32,7433	
77,5	-9,26199	77,5	-19,2935	77,5	-32,4241	
77,6	-9,27674	77,6	-19,4179	77,6	-31,8539	
77,7	-9,29541	77,7	-19,6181	77,7	-31,743	
77,8	-9,33699	77,8	-19,805	77,8	-31,1594	
77,9	-9,35649	77,9	-20,01	77,9	-30,7277	
78	-9,35894	78	-20,1971	78	-30,1704	
78,1	-9,3561	78,1	-20,4059	78,1	-29,8117	
78,2	-9,37648	78,2	-20,7682	78,2	-29,5194	
78,3	-9,40442	78,3	-21,0692	78,3	-29,2586	
78,4	-9,38873	78,4	-21,3107	78,4	-28,9625	
78,5	-9,41468	78,5	-21,6469	78,5	-28,7552	
78,6	-9,41479	78,6	-21,8029	78,6	-28,7429	
78,7	-9,44117	78,7	-22,1239	78,7	-28,6158	
78,8	-9,452	78,8	-22,3363	78,8	-28,5438	
78,9	-9,51041	78,9	-22,6015	78,9	-28,8667	
79	-9,54309	79	-22,7747	79	-28,8592	
79,1	-9,54746	79,1	-22,922	79,1	-28,7626	
79,2	-9,60813	79,2	-23,0424	79,2	-29,1642	
79,3	-9,64243	79,3	-23,2094	79,3	-29,3702	
79,4	-9,69679	79,4	-23,3729	79,4	-29,6846	
79,5	-9,72099	79,5	-23,4521	79,5	-29,7232	
79,6	-9,7637	79,6	-23,544	79,6	-30,0915	
79,7	-9,81178	79,7	-23,6423	79,7	-30,3139	
79,8	-9,86807	79,8	-23,7574	79,8	-30,3173	
79,9	-9,88172	79,9	-23,7704	79,9	-30,5493	
80	-9,91584	80	-23,8172	80	-30,7106	
80,1	-9,94396	80,1	-23,9026	80,1	-30,8439	
80,2	-9,99825	80,2	-23,958	80,2	-30,9711	
80,3	-10,0295	80,3	-23,9616	80,3	-31,0576	
80,4	-10,0557	80,4	-24,0275	80,4	-31,1454	
80,5	-10,0814	80,5	-24,2013	80,5	-31,2905	
80,6	-10,1436	80,6	-24,3504	80,6	-31,6817	
80,7	-10,1997	80,7	-24,3705	80,7	-31,7623	
80,8	-10,2402	80,8	-24,4961	80,8	-31,9398	
80,9	-10,2816	80,9	-24,697	80,9	-32,1558	
81	-10,3136	81	-24,7352	81	-32,2271	
81,1	-10,3407	81,1	-24,8241	81,1	-31,98	
81,2	-10,3846	81,2	-24,9293	81,2	-32,2286	
81,3	-10,4267	81,3	-24,9452	81,3	-32,545	
81,4	-10,454	81,4	-24,9524	81,4	-32,7056	
81,5	-10,4772	81,5	-25,1038	81,5	-32,832	
81,6	-10,5041	81,6	-25,2125	81,6	-33,0336	
81,7	-10,5484	81,7	-25,2778	81,7	-33,0374	
81,8	-10,5678	81,8	-25,3434	81,8	-32,9808	
81,9	-10,609	81,9	-25,4655	81,9	-33,1808	
82	-10,6364	82	-25,6151	82	-33,4481	
82,1	-10,6627	82,1	-25,543	82,1	-33,7005	
82,2	-10,6899	82,2	-25,6127	82,2	-33,6989	
82,3	-10,7633	82,3	-25,899	82,3	-33,9953	
82,4	-10,7944	82,4	-25,9901	82,4	-33,9665	
82,5	-10,8128	82,5	-26,0232	82,5	-33,7526	
82,6	-10,8461	82,6	-26,0794	82,6	-33,972	
82,7	-10,8784	82,7	-26,2026	82,7	-34,2525	
82,8	-10,9003	82,8	-26,2589	82,8	-34,121	
82,9	-10,9469	82,9	-26,3406	82,9	-34,1661	
83	-10,9686	83	-26,3466	83	-34,2114	
83,1	-10,9865	83,1	-26,4686	83,1	-34,2109	
83,2	-11,0461	83,2	-26,7311	83,2	-34,5797	
83,3	-11,0878	83,3	-26,8445	83,3	-34,8579	
83,4	-11,1117	83,4	-26,8675	83,4	-34,6959	
83,5	-11,1318	83,5	-26,9066	83,5	-34,8116	
83,6	-11,1506	83,6	-27,0246	83,6	-34,9478	
83,7	-11,2246	83,7	-27,1152	83,7	-35,2543	
83,8	-11,2338	83,8	-27,3265	83,8	-35,185	
83,9	-11,242	83,9	-27,3714	83,9	-34,9227	
84	-11,2767	84	-27,4621	84	-35,3072	
84,1	-11,3043	84,1	-27,5472	84,1	-35,5752	
84,2	-11,3415	84,2	-27,6121	84,2	-35,8011	
84,3	-11,3791	84,3	-27,7096	84,3	-35,8457	
84,4	-11,3834	84,4	-27,7483	84,4	-35,7137	
84,5	-11,4141	84,5	-27,8898	84,5	-35,6687	
84,6	-11,486	84,6	-28,0061	84,6	-35,7697	
84,7	-11,4926	84,7	-28,028	84,7	-36,0706	
84,8	-11,5181	84,8	-28,1831	84,8	-36,1525	
84,9	-11,555	84,9	-28,3554	84,9	-36,2087	
85	-11,5707	85	-28,3765	85	-36,2649	
85,1	-11,624	85,1	-28,5001	85,1	-36,189	
85,2	-11,6489	85,2	-28,5428	85,2	-36,4477	
85,3	-11,6634	85,3	-28,7484	85,3	-36,638	
85,4	-11,6784	85,4	-28,7852	85,4	-36,576	
85,5	-11,7055	85,5	-28,8922	85,5	-36,7437	
85,6	-11,7441	85,6	-28,9904	85,6	-36,9641	
85,7	-11,7813	85,7	-29,1455	85,7	-36,8553	
85,8	-11,812	85,8	-29,1537	85,8	-36,7726	
85,9	-11,8412	85,9	-29,2159	85,9	-36,8367	
86	-11,8619	86	-29,3257	86	-37,0265	
86,1	-11,8755	86,1	-29,513	86,1	-37,0057	
86,2	-11,8946	86,2	-29,6535	86,2	-37,0695	
86,3	-11,951	86,3	-29,7821	86,3	-37,3342	
86,4	-11,9895	86,4	-29,7762	86,4	-37,2673	
86,5	-11,9965	86,5	-29,8835	86,5	-37,1772	
86,6	-12,0304	86,6	-30,0645	86,6	-37,4875	
86,7	-12,0688	86,7	-30,1851	86,7	-37,6227	
86,8	-12,0961	86,8	-30,3287	86,8	-37,6568	
86,9	-12,1035	86,9	-30,2863	86,9	-37,8957	
87	-12,1305	87	-30,2722	87	-37,4799	
87,1	-12,1494	87,1	-30,3899	87,1	-37,4054	
87,2	-12,1873	87,2	-30,5971	87,2	-37,6992	
87,3	-12,2036	87,3	-30,8818	87,3	-38,0838	
87,4	-12,2332	87,4	-31,0139	87,4	-38,3907	
87,5	-12,2477	87,5	-31,0629	87,5	-38,0849	
87,6	-12,2732	87,6	-30,916	87,6	-37,9281	
87,7	-12,2983	87,7	-31,1059	87,7	-38,3082	
87,8	-12,3109	87,8	-31,128	87,8	-38,5409	
87,9	-12,3526	87,9	-31,301	87,9	-38,3978	
88	-12,3807	88	-31,5998	88	-38,3481	
88,1	-12,4204	88,1	-31,6737	88,1	-38,3512	
88,2	-12,4543	88,2	-31,8813	88,2	-38,3933	
88,3	-12,4764	88,3	-31,8427	88,3	-38,6711	
88,4	-12,5168	88,4	-31,9781	88,4	-38,7408	
88,5	-12,5178	88,5	-32,162	88,5	-38,6512	
88,6	-12,5368	88,6	-32,2241	88,6	-38,6377	
88,7	-12,5719	88,7	-32,3182	88,7	-38,9547	
88,8	-12,5855	88,8	-32,2476	88,8	-38,6003	
88,9	-12,6124	88,9	-32,4393	88,9	-38,7254	
89	-12,6306	89	-32,5979	89	-38,9932	
89,1	-12,6592	89,1	-32,7619	89,1	-39,1356	
89,2	-12,6718	89,2	-32,8699	89,2	-39,0157	
89,3	-12,75	89,3	-32,9138	89,3	-39,2974	
89,4	-12,771	89,4	-33,2754	89,4	-39,0457	
89,5	-12,7789	89,5	-33,276	89,5	-39,1625	
89,6	-12,797	89,6	-33,29	89,6	-38,9923	
89,7	-12,8096	89,7	-33,3616	89,7	-38,719	
89,8	-12,8443	89,8	-33,3885	89,8	-38,6856	
89,9	-12,8864	89,9	-33,6416	89,9	-39,0603	
90	-12,9067	90	-33,8212	90	-39,4094	
90,1	-12,911	90,1	-34,0093	90,1	-39,5147	
90,2	-12,9351	90,2	-34,0559	90,2	-39,4726	
90,3	-12,9842	90,3	-34,4015	90,3	-39,4331	
90,4	-13,0133	90,4	-34,4415	90,4	-39,7776	
90,5	-13,0388	90,5	-34,4534	90,5	-39,9118	
90,6	-13,0608	90,6	-34,8319	90,6	-39,8862	
90,7	-13,0729	90,7	-34,8187	90,7	-39,7189	
90,8	-13,084	90,8	-34,8165	90,8	-39,8113	
90,9	-13,1064	90,9	-34,9553	90,9	-40,0866	
91	-13,1368	91	-35,111	91	-39,7649	
91,1	-13,1556	91,1	-35,1874	91,1	-39,5984	
91,2	-13,1912	91,2	-35,4982	91,2	-39,5145	
91,3	-13,2276	91,3	-35,5876	91,3	-39,9168	
91,4	-13,2492	91,4	-35,7174	91,4	-39,7298	
91,5	-13,2488	91,5	-35,8562	91,5	-39,77	
91,6	-13,2789	91,6	-35,6722	91,6	-39,698	
91,7	-13,3122	91,7	-36,1299	91,7	-39,7744	
91,8	-13,3406	91,8	-36,381	91,8	-40,1166	
91,9	-13,3506	91,9	-36,309	91,9	-40,248	
92	-13,3946	92	-36,64	92	-39,5242	
92,1	-13,409	92,1	-36,6841	92,1	-39,9033	
92,2	-13,4292	92,2	-36,896	92,2	-39,8801	
92,3	-13,4599	92,3	-37,28	92,3	-39,7912	
92,4	-13,5116	92,4	-37,4132	92,4	-39,9937	
92,5	-13,514	92,5	-37,1916	92,5	-40,3264	
92,6	-13,5588	92,6	-37,4769	92,6	-40,2921	
92,7	-13,5832	92,7	-37,9001	92,7	-39,965	
92,8	-13,6086	92,8	-38,0949	92,8	-40,2723	
92,9	-13,6216	92,9	-38,4217	92,9	-39,9997	
93	-13,6437	93	-38,3439	93	-39,9065	
93,1	-13,6695	93,1	-38,2704	93,1	-40,2144	
93,2	-13,6984	93,2	-38,3761	93,2	-40,2598	
93,3	-13,7286	93,3	-38,4917	93,3	-40,464	
93,4	-13,7325	93,4	-38,6677	93,4	-40,7605	
93,5	-13,7663	93,5	-39,0054	93,5	-40,6844	
93,6	-13,7983	93,6	-39,7113	93,6	-40,4777	
93,7	-13,8014	93,7	-39,4321	93,7	-40,0926	
93,8	-13,8506	93,8	-39,3219	93,8	-40,1046	
93,9	-13,8723	93,9	-39,7426	93,9	-40,3934	
94	-13,8982	94	-40,0674	94	-40,5813	
94,1	-13,9136	94,1	-40,1831	94,1	-41,002	
94,2	-13,917	94,2	-40,2415	94,2	-41,1117	
94,3	-13,9919	94,3	-40,6624	94,3	-40,6122	
94,4	-14,0149	94,4	-40,6063	94,4	-40,5997	
94,5	-13,9973	94,5	-40,6505	94,5	-40,6601	
94,6	-14,0203	94,6	-41,2596	94,6	-40,8426	
94,7	-14,0392	94,7	-41,6799	94,7	-41,0994	
94,8	-14,0987	94,8	-41,9987	94,8	-40,8275	
94,9	-14,1278	94,9	-42,0116	94,9	-40,8704	
95	-14,1307	95	-41,9885	95	-40,9222	
95,1	-14,1689	95,1	-42,9679	95,1	-40,7861	
95,2	-14,1843	95,2	-42,2427	95,2	-40,7363	
95,3	-14,2146	95,3	-42,7008	95,3	-40,4893	
95,4	-14,232	95,4	-42,9642	95,4	-40,8527	
95,5	-14,2602	95,5	-43,622	95,5	-41,1547	
95,6	-14,276	95,6	-44,3656	95,6	-41,3534	
95,7	-14,2963	95,7	-43,8687	95,7	-41,0018	
95,8	-14,3157	95,8	-43,9145	95,8	-41,1603	
95,9	-14,3541	95,9	-44,4611	95,9	-41,3289	
96	-14,3795	96	-44,6249	96	-41,2362	
96,1	-14,3956	96,1	-44,0582	96,1	-40,7128	
96,2	-14,4064	96,2	-44,6532	96,2	-40,6468	
96,3	-14,4661	96,3	-46,4688	96,3	-40,4971	
96,4	-14,4868	96,4	-46,4677	96,4	-40,6357	
96,5	-14,5037	96,5	-46,4614	96,5	-40,8076	
96,6	-14,5455	96,6	-46,9318	96,6	-40,6062	
96,7	-14,5565	96,7	-47,0852	96,7	-40,9505	
96,8	-14,5865	96,8	-48,1221	96,8	-41,4819	
96,9	-14,613	96,9	-48,2325	96,9	-40,9502	
97	-14,6389	97	-49,3608	97	-40,7209	
97,1	-14,6693	97,1	-49,3807	97,1	-41,2281	
97,2	-14,6902	97,2	-48,9651	97,2	-41,3495	
97,3	-14,7018	97,3	-49,225	97,3	-40,7769	
97,4	-14,7255	97,4	-49,9259	97,4	-41,0462	
97,5	-14,7593	97,5	-51,8648	97,5	-41,0312	
97,6	-14,7763	97,6	-51,9275	97,6	-40,894	
97,7	-14,7794	97,7	-51,3888	97,7	-40,625	
97,8	-14,8127	97,8	-53,3235	97,8	-41,1059	
97,9	-14,8402	97,9	-52,443	97,9	-40,9798	
98	-14,8631	98	-53,1662	98	-41,0664	
98,1	-14,8836	98,1	-54,2479	98,1	-41,1788	
98,2	-14,9084	98,2	-54,2927	98,2	-40,7097	
98,3	-14,987	98,3	-54,1284	98,3	-40,4017	
98,4	-14,9876	98,4	-57,4267	98,4	-40,847	
98,5	-15,0021	98,5	-58,6122	98,5	-40,7829	
98,6	-15,0388	98,6	-56,2867	98,6	-40,6536	
98,7	-15,0649	98,7	-52,9857	98,7	-40,61	
98,8	-15,0717	98,8	-53,4286	98,8	-41,0458	
98,9	-15,0776	98,9	-53,4529	98,9	-41,2742	
99	-15,1584	99	-53,6347	99	-41,446	
99,1	-15,1743	99,1	-56,3385	99,1	-41,6439	
99,2	-15,1944	99,2	-56,3791	99,2	-41,1276	
99,3	-15,2157	99,3	-55,0487	99,3	-41,3915	
99,4	-15,2231	99,4	-54,574	99,4	-40,7722	
99,5	-15,2685	99,5	-53,4166	99,5	-40,9083	
99,6	-15,3036	99,6	-51,403	99,6	-40,7308	
99,7	-15,3173	99,7	-50,018	99,7	-40,2595	
99,8	-15,3554	99,8	-52,0341	99,8	-40,972	
99,9	-15,3988	99,9	-51,681	99,9	-41,5622	
100	-15,4077	100	-52,1052	100	-41,1285	
