Frekvenca [Hz] - Plot 0	Faza frekv. prenosne funkcije [rad] - Plot 0	Frekvenca [Hz] - Plot 1	Faza frekv. prenosne funkcije [rad] - Plot 1	Frekvenca [Hz] - Plot 2	Faza frekv. prenosne funkcije [rad] - Plot 2	
10	3,06105	10	3,01593	10	3,00822	
10,1	3,05919	10,1	3,01055	10,1	3,00653	
10,2	3,04899	10,2	2,99848	10,2	3,01394	
10,3	3,05481	10,3	3,01766	10,3	3,0231	
10,4	3,06463	10,4	3,0108	10,4	3,00546	
10,5	3,07391	10,5	3,03285	10,5	3,02895	
10,6	3,09395	10,6	3,028	10,6	3,02351	
10,7	3,09021	10,7	3,03258	10,7	3,02337	
10,8	3,09111	10,8	3,02371	10,8	3,01711	
10,9	3,08482	10,9	3,03356	10,9	3,03668	
11	3,07709	11	3,04917	11	3,05211	
11,1	3,06819	11,1	3,02813	11,1	3,03667	
11,2	3,08105	11,2	3,03352	11,2	3,04985	
11,3	3,06552	11,3	3,03592	11,3	3,05789	
11,4	3,06448	11,4	3,03522	11,4	3,07531	
11,5	3,07123	11,5	3,04116	11,5	3,08788	
11,6	3,07129	11,6	3,02174	11,6	3,08229	
11,7	3,07624	11,7	3,0203	11,7	3,11396	
11,8	3,07335	11,8	3,03605	11,8	3,13466	
11,9	3,06963	11,9	3,02534	11,9	3,09333	
12	3,07815	12	3,04346	12	3,08288	
12,1	3,08562	12,1	3,05248	12,1	3,07342	
12,2	3,08158	12,2	3,02745	12,2	3,03892	
12,3	3,07073	12,3	3,01603	12,3	3,03111	
12,4	3,07641	12,4	3,04036	12,4	3,04512	
12,5	3,06669	12,5	3,03294	12,5	3,02869	
12,6	3,05746	12,6	3,023	12,6	3,01547	
12,7	3,07427	12,7	3,03242	12,7	3,031	
12,8	3,06997	12,8	3,0228	12,8	3,02375	
12,9	3,0727	12,9	3,02702	12,9	3,02845	
13	3,06586	13	3,01656	13	3,016	
13,1	3,06024	13,1	3,01006	13,1	3,00825	
13,2	3,07804	13,2	3,0341	13,2	3,03205	
13,3	3,06384	13,3	3,01015	13,3	3,00457	
13,4	3,06701	13,4	3,02356	13,4	3,01988	
13,5	3,05997	13,5	3,01929	13,5	3,01515	
13,6	3,04442	13,6	2,9975	13,6	2,98996	
13,7	3,04969	13,7	3,00448	13,7	2,99511	
13,8	3,04225	13,8	2,99702	13,8	2,98895	
13,9	3,03835	13,9	2,98156	13,9	2,97138	
14	3,04109	14	2,98212	14	2,97146	
14,1	3,04139	14,1	2,9866	14,1	2,97732	
14,2	3,04016	14,2	2,99511	14,2	2,98542	
14,3	3,03135	14,3	2,98846	14,3	2,9775	
14,4	3,04792	14,4	3,01437	14,4	3,00694	
14,5	3,044	14,5	3,01548	14,5	3,00611	
14,6	3,03258	14,6	3,00326	14,6	2,99175	
14,7	3,03299	14,7	3,00555	14,7	2,99321	
14,8	3,02613	14,8	3,00042	14,8	2,98441	
14,9	3,03764	14,9	3,0121	14,9	3,00095	
15	3,02765	15	2,99957	15	2,98796	
15,1	3,0191	15,1	2,9892	15,1	2,97681	
15,2	3,02169	15,2	2,9932	15,2	2,98031	
15,3	3,02086	15,3	2,99709	15,3	2,98468	
15,4	3,01762	15,4	2,99318	15,4	2,98031	
15,5	3,00846	15,5	2,97526	15,5	2,96177	
15,6	2,9914	15,6	2,95886	15,6	2,94579	
15,7	2,98514	15,7	2,95406	15,7	2,9414	
15,8	2,96454	15,8	2,92686	15,8	2,91155	
15,9	2,97259	15,9	2,94316	15,9	2,93334	
16	2,93707	16	2,89888	16	2,88778	
16,1	2,95835	16,1	2,92959	16,1	2,9247	
16,2	2,94254	16,2	2,90982	16,2	2,90337	
16,3	2,91402	16,3	2,87685	16,3	2,87017	
16,4	2,92396	16,4	2,89339	16,4	2,89417	
16,5	2,90834	16,5	2,87933	16,5	2,88343	
16,6	2,89195	16,6	2,86692	16,6	2,87764	
16,7	2,85455	16,7	2,83002	16,7	2,84937	
16,8	2,85828	16,8	2,83792	16,8	2,86528	
16,9	2,84224	16,9	2,8261	16,9	2,86403	
17	2,82061	17	2,80744	17	2,84686	
17,1	2,80876	17,1	2,79687	17,1	2,83406	
17,2	2,77416	17,2	2,75406	17,2	2,77653	
17,3	2,76195	17,3	2,73687	17,3	2,74787	
17,4	2,78064	17,4	2,75859	17,4	2,7659	
17,5	2,77571	17,5	2,74848	17,5	2,74813	
17,6	2,74099	17,6	2,70405	17,6	2,70147	
17,7	2,71655	17,7	2,67544	17,7	2,67306	
17,8	2,67207	17,8	2,6253	17,8	2,62066	
17,9	2,65053	17,9	2,60378	17,9	2,59868	
18	2,60261	18	2,55427	18	2,54963	
18,1	2,51859	18,1	2,46923	18,1	2,46447	
18,2	2,42073	18,2	2,3683	18,2	2,3619	
18,3	2,37997	18,3	2,32688	18,3	2,32056	
18,4	2,3084	18,4	2,25347	18,4	2,24599	
18,5	2,1807	18,5	2,12073	18,5	2,11022	
18,6	2,08281	18,6	2,02488	18,6	2,01431	
18,7	1,90144	18,7	1,83968	18,7	1,82692	
18,8	1,77509	18,8	1,71056	18,8	1,69706	
18,9	1,64071	18,9	1,57723	18,9	1,56351	
19	1,44075	19	1,37653	19	1,36229	
19,1	1,26374	19,1	1,19821	19,1	1,18289	
19,2	1,16916	19,2	1,10112	19,2	1,08564	
19,3	0,92327	19,3	0,853546	19,3	0,838008	
19,4	0,870435	19,4	0,795599	19,4	0,778232	
19,5	0,751991	19,5	0,675974	19,5	0,659009	
19,6	0,662146	19,6	0,587123	19,6	0,571372	
19,7	0,646502	19,7	0,56667	19,7	0,549345	
19,8	0,553402	19,8	0,477576	19,8	0,461386	
19,9	0,537525	19,9	0,459095	19,9	0,443257	
20	0,504921	20	0,421152	20	0,404767	
20,1	0,48615	20,1	0,396359	20,1	0,378143	
20,2	0,470064	20,2	0,378863	20,2	0,361085	
20,3	0,482184	20,3	0,381967	20,3	0,362848	
20,4	0,432623	20,4	0,333834	20,4	0,315949	
20,5	0,382195	20,5	0,290867	20,5	0,275015	
20,6	0,372084	20,6	0,275798	20,6	0,258948	
20,7	0,382653	20,7	0,275461	20,7	0,257206	
20,8	0,377279	20,8	0,270329	20,8	0,251416	
20,9	0,319097	20,9	0,222925	20,9	0,206691	
21	0,319947	21	0,221186	21	0,204558	
21,1	0,328581	21,1	0,21663	21,1	0,197741	
21,2	0,354401	21,2	0,224966	21,2	0,203733	
21,3	0,323111	21,3	0,201757	21,3	0,182847	
21,4	0,312536	21,4	0,191979	21,4	0,173647	
21,5	0,34682	21,5	0,207631	21,5	0,185881	
21,6	0,342555	21,6	0,19091	21,6	0,169526	
21,7	0,296895	21,7	0,161133	21,7	0,143168	
21,8	0,286617	21,8	0,154273	21,8	0,137168	
21,9	0,27807	21,9	0,144773	21,9	0,12705	
22	0,317619	22	0,154401	22	0,133899	
22,1	0,305442	22,1	0,146998	22,1	0,127643	
22,2	0,312834	22,2	0,143417	22,2	0,123661	
22,3	0,320375	22,3	0,141712	22,3	0,120742	
22,4	0,321437	22,4	0,132581	22,4	0,112412	
22,5	0,342873	22,5	0,144119	22,5	0,122096	
22,6	0,347021	22,6	0,13623	22,6	0,114985	
22,7	0,316116	22,7	0,118312	22,7	0,0990612	
22,8	0,33701	22,8	0,121302	22,8	0,100573	
22,9	0,337456	22,9	0,115591	22,9	0,0956914	
23	0,341782	23	0,106871	23	0,0877091	
23,1	0,409732	23,1	0,123686	23,1	0,100344	
23,2	0,41487	23,2	0,11213	23,2	0,0899169	
23,3	0,398558	23,3	0,103823	23,3	0,0831631	
23,4	0,45573	23,4	0,113713	23,4	0,0904805	
23,5	0,439669	23,5	0,100194	23,5	0,0781947	
23,6	0,368142	23,6	0,0803514	23,6	0,0625526	
23,7	0,461688	23,7	0,0900196	23,7	0,0695327	
23,8	0,500781	23,8	0,0863266	23,8	0,0664171	
23,9	0,524476	23,9	0,0851008	23,9	0,0656834	
24	0,600552	24	0,0915369	24	0,0687735	
24,1	0,477906	24,1	0,0707563	24,1	0,0529896	
24,2	0,532877	24,2	0,05015	24,2	0,0332306	
24,3	0,661885	24,3	0,0549839	24,3	0,03521	
24,4	0,780033	24,4	0,059239	24,4	0,0389774	
24,5	0,935753	24,5	0,05104	24,5	0,0326641	
24,6	0,932797	24,6	0,0344264	24,6	0,0204139	
24,7	1,26951	24,7	0,0436526	24,7	0,0251499	
24,8	1,63733	24,8	0,0409318	24,8	0,0218618	
24,9	1,81619	24,9	0,0212491	24,9	0,00656056	
25	2,28691	25	0,00612369	25	-0,00750983	
25,1	2,4079	25,1	0,00458519	25,1	-0,0101377	
25,2	2,58118	25,2	0,00483491	25,2	-0,0115609	
25,3	2,69717	25,3	0,00343176	25,3	-0,0134047	
25,4	2,876	25,4	-0,0124531	25,4	-0,023581	
25,5	2,98287	25,5	-0,0285221	25,5	-0,0352851	
25,6	2,99887	25,6	-0,0316377	25,6	-0,0370909	
25,7	3,01561	25,7	-0,0280495	25,7	-0,0345969	
25,8	2,96465	25,8	-0,0101777	25,8	-0,0217708	
25,9	2,96148	25,9	-0,0102364	25,9	-0,0222473	
26	2,99742	26	-0,0144846	26	-0,0275407	
26,1	3,01152	26,1	-0,0185179	26,1	-0,0272456	
26,2	3,00551	26,2	-0,00407237	26,2	-0,0159313	
26,3	2,99734	26,3	0,00263168	26,3	-0,00990487	
26,4	2,98481	26,4	0,0101268	26,4	-0,0056178	
26,5	2,96467	26,5	0,0212945	26,5	0,000690301	
26,6	2,97084	26,6	0,0244799	26,6	0,00430737	
26,7	2,97984	26,7	0,0268599	26,7	0,00560328	
26,8	2,99921	26,8	0,0211834	26,8	0,000366531	
26,9	2,99846	26,9	0,0202499	26,9	0,00251928	
27	3,01592	27	0,0202374	27	0,00530807	
27,1	3,01855	27,1	0,0166802	27,1	0,00132364	
27,2	3,01288	27,2	0,0283618	27,2	0,00643348	
27,3	3,01408	27,3	0,0304766	27,3	0,00882019	
27,4	3,01242	27,4	0,0302653	27,4	0,00898221	
27,5	3,01026	27,5	0,0297329	27,5	0,0052586	
27,6	3,00137	27,6	0,035179	27,6	0,00842672	
27,7	3,01491	27,7	0,0273674	27,7	0,00564868	
27,8	3,02552	27,8	0,0199559	27,8	0,00204087	
27,9	3,02598	27,9	0,0295501	27,9	0,00578961	
28	3,02238	28	0,0372223	28	0,0093608	
28,1	3,0452	28,1	0,0239988	28,1	0,00293771	
28,2	3,03691	28,2	0,0242136	28,2	0,00283697	
28,3	3,03757	28,3	0,0237925	28,3	0,00122237	
28,4	3,03198	28,4	0,0318986	28,4	0,00485545	
28,5	3,02268	28,5	0,0398088	28,5	0,00918091	
28,6	3,03133	28,6	0,0353342	28,6	0,00954931	
28,7	3,03845	28,7	0,0279817	28,7	0,00608713	
28,8	3,03092	28,8	0,0322694	28,8	0,00684285	
28,9	3,03267	28,9	0,0326337	28,9	0,0087144	
29	3,03396	29	0,0299181	29	0,00870544	
29,1	3,02938	29,1	0,0384949	29,1	0,0108802	
29,2	3,03049	29,2	0,037299	29,2	0,0109317	
29,3	3,02882	29,3	0,0391314	29,3	0,012392	
29,4	3,02647	29,4	0,0398967	29,4	0,0151639	
29,5	3,04551	29,5	0,0181301	29,5	0,00637391	
29,6	3,03997	29,6	0,0260163	29,6	0,012141	
29,7	3,03601	29,7	0,0360113	29,7	0,0163536	
29,8	3,03496	29,8	0,0417543	29,8	0,0206109	
29,9	3,02816	29,9	0,0426864	29,9	0,0229608	
30	3,03314	30	0,0319141	30	0,0222023	
30,1	3,02729	30,1	0,0325718	30,1	0,0240679	
30,2	3,02725	30,2	0,0409587	30,2	0,0310534	
30,3	3,0284	30,3	0,0350397	30,3	0,030836	
30,4	3,03145	30,4	0,033431	30,4	0,0367927	
30,5	3,02945	30,5	0,0339577	30,5	0,0406566	
30,6	3,02367	30,6	0,0293216	30,6	0,0368967	
30,7	3,01575	30,7	0,0408609	30,7	0,0376689	
30,8	3,02068	30,8	0,0424657	30,8	0,0355765	
30,9	3,0228	30,9	0,0297557	30,9	0,0299352	
31	3,02348	31	0,0211472	31	0,0208393	
31,1	3,02349	31,1	0,018745	31,1	0,020184	
31,2	3,01919	31,2	0,0253867	31,2	0,0181855	
31,3	3,01399	31,3	0,0326773	31,3	0,0178963	
31,4	3,01949	31,4	0,0208562	31,4	0,0073812	
31,5	3,01763	31,5	0,0113685	31,5	0,0047716	
31,6	3,01454	31,6	0,013562	31,6	0,00136038	
31,7	3,01685	31,7	0,0196404	31,7	0,00284696	
31,8	3,01815	31,8	0,0253621	31,8	0,00279695	
31,9	3,01125	31,9	0,0308149	31,9	0,00246561	
32	3,01948	32	0,0157178	32	-0,00126872	
32,1	3,02206	32,1	0,0178289	32,1	0,00147747	
32,2	3,01711	32,2	0,0273558	32,2	-0,00107266	
32,3	3,02356	32,3	0,0297426	32,3	-0,00288109	
32,4	3,02584	32,4	0,026371	32,4	-0,00734476	
32,5	3,01825	32,5	0,036119	32,5	-0,00607649	
32,6	3,02273	32,6	0,0350036	32,6	-0,00512319	
32,7	3,02629	32,7	0,0506539	32,7	-0,00225164	
32,8	3,03621	32,8	0,0478644	32,8	-0,00502665	
32,9	3,0451	32,9	0,0420106	32,9	-0,00739757	
33	3,04203	33	0,0487887	33	-0,00898746	
33,1	3,03891	33,1	0,0475632	33,1	-0,0114183	
33,2	3,0393	33,2	0,0512664	33,2	-0,0082713	
33,3	3,05123	33,3	0,0605439	33,3	-0,00832022	
33,4	3,04989	33,4	0,0577751	33,4	-0,0086844	
33,5	3,05551	33,5	0,0666256	33,5	-0,0114343	
33,6	3,05616	33,6	0,0725438	33,6	-0,0127272	
33,7	3,06053	33,7	0,0706498	33,7	-0,0123432	
33,8	3,06191	33,8	0,0631812	33,8	-0,0141035	
33,9	3,05988	33,9	0,0799189	33,9	-0,0155419	
34	3,0638	34	0,0882828	34	-0,0140102	
34,1	3,06566	34,1	0,0839402	34,1	-0,0181383	
34,2	3,06601	34,2	0,100355	34,2	-0,0166814	
34,3	3,06697	34,3	0,0928136	34,3	-0,0212761	
34,4	3,06714	34,4	0,0905679	34,4	-0,0235838	
34,5	3,06478	34,5	0,102908	34,5	-0,0215336	
34,6	3,06402	34,6	0,115135	34,6	-0,0211573	
34,7	3,06844	34,7	0,10709	34,7	-0,0238015	
34,8	3,07199	34,8	0,10345	34,8	-0,0238217	
34,9	3,06732	34,9	0,119881	34,9	-0,0240172	
35	3,06607	35	0,126132	35	-0,0257079	
35,1	3,06688	35,1	0,126736	35,1	-0,0279967	
35,2	3,06681	35,2	0,127682	35,2	-0,028959	
35,3	3,07047	35,3	0,130832	35,3	-0,027507	
35,4	3,06837	35,4	0,140923	35,4	-0,0281371	
35,5	3,0675	35,5	0,145649	35,5	-0,0293554	
35,6	3,07074	35,6	0,143475	35,6	-0,0315432	
35,7	3,07032	35,7	0,153966	35,7	-0,0324901	
35,8	3,0669	35,8	0,162916	35,8	-0,0324186	
35,9	3,06571	35,9	0,160473	35,9	-0,0350023	
36	3,0647	36	0,171072	36	-0,0366199	
36,1	3,06414	36,1	0,167637	36,1	-0,0389224	
36,2	3,0545	36,2	0,214796	36,2	-0,0406688	
36,3	3,05494	36,3	0,213307	36,3	-0,0418417	
36,4	3,05582	36,4	0,212959	36,4	-0,0430476	
36,5	3,05824	36,5	0,205655	36,5	-0,0452074	
36,6	3,05775	36,6	0,208345	36,6	-0,0499567	
36,7	3,05549	36,7	0,213306	36,7	-0,0497077	
36,8	3,04738	36,8	0,243566	36,8	-0,0527157	
36,9	3,05667	36,9	0,219208	36,9	-0,0502856	
37	3,05674	37	0,211135	37	-0,0531343	
37,1	3,0508	37,1	0,244365	37,1	-0,0595136	
37,2	3,03938	37,2	0,309606	37,2	-0,0653676	
37,3	3,04173	37,3	0,306786	37,3	-0,0662222	
37,4	3,04259	37,4	0,315099	37,4	-0,0685111	
37,5	3,03622	37,5	0,36479	37,5	-0,0712073	
37,6	3,03517	37,6	0,392588	37,6	-0,077177	
37,7	3,04048	37,7	0,375372	37,7	-0,0757878	
37,8	3,03636	37,8	0,375136	37,8	-0,0814682	
37,9	3,02943	37,9	0,467839	37,9	-0,0855905	
38	3,02392	38	0,521271	38	-0,0937469	
38,1	3,01627	38,1	0,677195	38,1	-0,0995336	
38,2	3,01135	38,2	0,721833	38,2	-0,104576	
38,3	3,00842	38,3	0,876395	38,3	-0,111325	
38,4	3,0081	38,4	1,04211	38,4	-0,11554	
38,5	3,00937	38,5	1,39006	38,5	-0,118087	
38,6	3,00853	38,6	1,66677	38,6	-0,121748	
38,7	3,00114	38,7	1,9196	38,7	-0,127767	
38,8	2,9955	38,8	2,22459	38,8	-0,136227	
38,9	2,99147	38,9	2,44249	38,9	-0,142008	
39	2,9948	39	2,61644	39	-0,141444	
39,1	2,99459	39,1	2,7628	39,1	-0,147608	
39,2	2,992	39,2	2,82003	39,2	-0,150355	
39,3	2,98829	39,3	2,79762	39,3	-0,153927	
39,4	2,98585	39,4	2,81029	39,4	-0,160629	
39,5	2,9906	39,5	2,91218	39,5	-0,158683	
39,6	2,98976	39,6	2,92953	39,6	-0,156881	
39,7	2,98816	39,7	2,90111	39,7	-0,158188	
39,8	2,98387	39,8	2,87728	39,8	-0,161566	
39,9	2,98696	39,9	2,9113	39,9	-0,16258	
40	2,99189	40	2,92967	40	-0,157394	
40,1	2,98782	40,1	2,90134	40,1	-0,160029	
40,2	2,9864	40,2	2,88519	40,2	-0,158925	
40,3	2,99321	40,3	2,90996	40,3	-0,15279	
40,4	2,99563	40,4	2,91401	40,4	-0,151074	
40,5	2,99352	40,5	2,90637	40,5	-0,152989	
40,6	3,00107	40,6	2,91799	40,6	-0,143872	
40,7	3,00886	40,7	2,95363	40,7	-0,140418	
40,8	3,00771	40,8	2,93908	40,8	-0,140197	
40,9	3,00913	40,9	2,9343	40,9	-0,13541	
41	3,00841	41	2,932	41	-0,135741	
41,1	3,0166	41,1	2,94878	41,1	-0,127929	
41,2	3,01274	41,2	2,93559	41,2	-0,129481	
41,3	3,01361	41,3	2,94283	41,3	-0,129159	
41,4	3,01073	41,4	2,92635	41,4	-0,130785	
41,5	3,01736	41,5	2,94161	41,5	-0,124432	
41,6	3,02189	41,6	2,94079	41,6	-0,120091	
41,7	3,01634	41,7	2,9191	41,7	-0,12346	
41,8	3,01698	41,8	2,93037	41,8	-0,120433	
41,9	3,0251	41,9	2,95492	41,9	-0,11373	
42	3,02692	42	2,96046	42	-0,111229	
42,1	3,02263	42,1	2,94959	42,1	-0,116042	
42,2	3,02653	42,2	2,95756	42,2	-0,113406	
42,3	3,02875	42,3	2,96216	42,3	-0,111203	
42,4	3,02396	42,4	2,94908	42,4	-0,115313	
42,5	3,0217	42,5	2,94118	42,5	-0,114423	
42,6	3,02273	42,6	2,94862	42,6	-0,112206	
42,7	3,0268	42,7	2,95617	42,7	-0,111538	
42,8	3,02455	42,8	2,95695	42,8	-0,113202	
42,9	3,01861	42,9	2,94033	42,9	-0,116719	
43	3,01279	43	2,92656	43	-0,12413	
43,1	3,017	43,1	2,93982	43,1	-0,12028	
43,2	3,02594	43,2	2,95818	43,2	-0,112198	
43,3	3,01942	43,3	2,9469	43,3	-0,118339	
43,4	3,02277	43,4	2,95775	43,4	-0,116421	
43,5	3,00528	43,5	2,92118	43,5	-0,132597	
43,6	3,01507	43,6	2,94328	43,6	-0,122514	
43,7	3,01773	43,7	2,94942	43,7	-0,120596	
43,8	3,01349	43,8	2,94254	43,8	-0,124908	
43,9	3,00798	43,9	2,93222	43,9	-0,131617	
44	3,01599	44	2,95031	44	-0,123357	
44,1	3,00982	44,1	2,94189	44,1	-0,129715	
44,2	3,00264	44,2	2,93033	44,2	-0,136797	
44,3	2,99803	44,3	2,91943	44,3	-0,141058	
44,4	2,99861	44,4	2,92484	44,4	-0,141145	
44,5	2,9925	44,5	2,91763	44,5	-0,146477	
44,6	2,99169	44,6	2,91735	44,6	-0,146271	
44,7	2,99242	44,7	2,9202	44,7	-0,145663	
44,8	2,98708	44,8	2,91162	44,8	-0,15106	
44,9	2,97874	44,9	2,90082	44,9	-0,160585	
45	2,96793	45	2,88856	45	-0,172272	
45,1	2,96582	45,1	2,88864	45,1	-0,174628	
45,2	2,96368	45,2	2,886	45,2	-0,176584	
45,3	2,95691	45,3	2,87962	45,3	-0,182894	
45,4	2,95288	45,4	2,87536	45,4	-0,185423	
45,5	2,95314	45,5	2,87953	45,5	-0,185519	
45,6	2,93432	45,6	2,85417	45,6	-0,205218	
45,7	2,9197	45,7	2,83632	45,7	-0,220216	
45,8	2,90642	45,8	2,82287	45,8	-0,233525	
45,9	2,89205	45,9	2,80717	45,9	-0,248267	
46	2,88048	46	2,79856	46	-0,259205	
46,1	2,8808	46,1	2,8016	46,1	-0,258487	
46,2	2,8699	46,2	2,79319	46,2	-0,269057	
46,3	2,84496	46,3	2,7661	46,3	-0,29366	
46,4	2,83753	46,4	2,76094	46,4	-0,30223	
46,5	2,83194	46,5	2,7556	46,5	-0,306793	
46,6	2,79589	46,6	2,71332	46,6	-0,342565	
46,7	2,74545	46,7	2,65764	46,7	-0,393973	
46,8	2,71601	46,8	2,6339	46,8	-0,423652	
46,9	2,69523	46,9	2,61762	46,9	-0,443319	
47	2,6718	47	2,59788	47	-0,466105	
47,1	2,63541	47,1	2,56393	47,1	-0,503158	
47,2	2,58597	47,2	2,51219	47,2	-0,553302	
47,3	2,47796	47,3	2,3973	47,3	-0,662802	
47,4	2,38435	47,4	2,30648	47,4	-0,755267	
47,5	2,33522	47,5	2,26333	47,5	-0,80104	
47,6	2,22989	47,6	2,15471	47,6	-0,906007	
47,7	2,01471	47,7	1,93312	47,7	-1,12318	
47,8	1,94921	47,8	1,87095	47,8	-1,18838	
47,9	1,64759	47,9	1,56997	47,9	-1,49044	
48	1,48661	48	1,41209	48	-1,65139	
48,1	1,23966	48,1	1,16437	48,1	-1,89875	
48,2	1,09391	48,2	1,01813	48,2	-2,04475	
48,3	0,986694	48,3	0,904802	48,3	-2,15383	
48,4	0,886263	48,4	0,805855	48,4	-2,25414	
48,5	0,760666	48,5	0,674801	48,5	-2,3802	
48,6	0,655683	48,6	0,575694	48,6	-2,48459	
48,7	0,584346	48,7	0,507892	48,7	-2,55469	
48,8	0,522272	48,8	0,446709	48,8	-2,61574	
48,9	0,467693	48,9	0,391735	48,9	-2,66891	
49	0,461377	49	0,381331	49	-2,67629	
49,1	0,429348	49,1	0,348133	49,1	-2,70709	
49,2	0,422767	49,2	0,337041	49,2	-2,71457	
49,3	0,393242	49,3	0,30782	49,3	-2,74355	
49,4	0,349089	49,4	0,266164	49,4	-2,78364	
49,5	0,345218	49,5	0,257707	49,5	-2,78841	
49,6	0,323536	49,6	0,236478	49,6	-2,80976	
49,7	0,303477	49,7	0,220145	49,7	-2,82766	
49,8	0,279357	49,8	0,196395	49,8	-2,8495	
49,9	0,271593	49,9	0,187737	49,9	-2,85732	
50	0,259155	50	0,17499	50	-2,8705	
50,1	0,247822	50,1	0,161336	50,1	-2,88013	
50,2	0,231485	50,2	0,148273	50,2	-2,8953	
50,3	0,247228	50,3	0,158067	50,3	-2,88518	
50,4	0,240362	50,4	0,149398	50,4	-2,89293	
50,5	0,215949	50,5	0,129717	50,5	-2,91301	
50,6	0,208577	50,6	0,122972	50,6	-2,9202	
50,7	0,202159	50,7	0,115753	50,7	-2,9284	
50,8	0,197695	50,8	0,109883	50,8	-2,93641	
50,9	0,192639	50,9	0,10604	50,9	-2,94096	
51	0,195586	51	0,104142	51	-2,94163	
51,1	0,189277	51,1	0,0984632	51,1	-2,94725	
51,2	0,173469	51,2	0,0884778	51,2	-2,96039	
51,3	0,173805	51,3	0,0861856	51,3	-2,96287	
51,4	0,180665	51,4	0,0876188	51,4	-2,96127	
51,5	0,179976	51,5	0,0823344	51,5	-2,96645	
51,6	0,174413	51,6	0,0776432	51,6	-2,97389	
51,7	0,153514	51,7	0,0671301	51,7	-2,99163	
51,8	0,155048	51,8	0,0661031	51,8	-2,99467	
51,9	0,157166	51,9	0,0645926	51,9	-2,99464	
52	0,146327	52	0,0597573	52	-3,00116	
52,1	0,151693	52,1	0,0599276	52,1	-3,00309	
52,2	0,154243	52,2	0,0581962	52,2	-3,00711	
52,3	0,14896	52,3	0,0545062	52,3	-3,01267	
52,4	0,139442	52,4	0,048596	52,4	-3,01993	
52,5	0,135942	52,5	0,0471465	52,5	-3,02445	
52,6	0,137126	52,6	0,044442	52,6	-3,03147	
52,7	0,139667	52,7	0,0451348	52,7	-3,03092	
52,8	0,136966	52,8	0,0420227	52,8	-3,03416	
52,9	0,139425	52,9	0,0386151	52,9	-3,03746	
53	0,138111	53	0,0355437	53	-3,04144	
53,1	0,13805	53,1	0,0354404	53,1	-3,04365	
53,2	0,13058	53,2	0,0308737	53,2	-3,05079	
53,3	0,123793	53,3	0,0272307	53,3	-3,05754	
53,4	0,128295	53,4	0,0283787	53,4	-3,05724	
53,5	0,124709	53,5	0,0258263	53,5	-3,06091	
53,6	0,129633	53,6	0,0256042	53,6	-3,06027	
53,7	0,139306	53,7	0,0255755	53,7	-3,05874	
53,8	0,140046	53,8	0,0239116	53,8	-3,06131	
53,9	0,134923	53,9	0,0180694	53,9	-3,0692	
54	0,128605	54	0,0176368	54	-3,07267	
54,1	0,136501	54,1	0,0180418	54,1	-3,07155	
54,2	0,148859	54,2	0,0166616	54,2	-3,06959	
54,3	0,14204	54,3	0,0162261	54,3	-3,07443	
54,4	0,132943	54,4	0,0118331	54,4	-3,0805	
54,5	0,141503	54,5	0,0104509	54,5	-3,0798	
54,6	0,145787	54,6	0,00830558	54,6	-3,08373	
54,7	0,136727	54,7	0,00926178	54,7	-3,08509	
54,8	0,131898	54,8	0,00747579	54,8	-3,09055	
54,9	0,132907	54,9	0,00734415	54,9	-3,09057	
55	0,140286	55	0,0057275	55	-3,09264	
55,1	0,15223	55,1	0,00346641	55,1	-3,09517	
55,2	0,157615	55,2	0,00320615	55,2	-3,0943	
55,3	0,16439	55,3	0,00283258	55,3	-3,09207	
55,4	0,153546	55,4	0,000192607	55,4	-3,09978	
55,5	0,160859	55,5	-0,000628197	55,5	-3,09941	
55,6	0,161861	55,6	-0,00195079	55,6	-3,10216	
55,7	0,168163	55,7	-0,00440646	55,7	-3,1045	
55,8	0,182073	55,8	-0,0045769	55,8	-3,10356	
55,9	0,188601	55,9	-0,00492674	55,9	-3,10526	
56	0,183784	56	-0,0063329	56	-3,10989	
56,1	0,195553	56,1	-0,00605189	56,1	-3,10921	
56,2	0,208568	56,2	-0,00544451	56,2	-3,10694	
56,3	0,208086	56,3	-0,00801964	56,3	-3,11115	
56,4	0,237316	56,4	-0,0113755	56,4	-3,11225	
56,5	0,236435	56,5	-0,0119178	56,5	-3,11347	
56,6	0,244668	56,6	-0,0139128	56,6	-3,11618	
56,7	0,293438	56,7	-0,0154329	56,7	-3,11448	
56,8	0,301233	56,8	-0,0163283	56,8	-3,11882	
56,9	0,285509	56,9	-0,0169293	56,9	-3,12343	
57	0,321432	57	-0,0151609	57	-3,12059	
57,1	0,331834	57,1	-0,0162097	57,1	-3,12273	
57,2	0,374483	57,2	-0,0181956	57,2	-3,12331	
57,3	0,450482	57,3	-0,0209839	57,3	-3,12363	
57,4	0,488888	57,4	-0,0233675	57,4	-3,12708	
57,5	0,521657	57,5	-0,0243415	57,5	-3,12825	
57,6	0,584387	57,6	-0,0249953	57,6	-3,1286	
57,7	0,653199	57,7	-0,0259467	57,7	-3,12979	
57,8	0,727512	57,8	-0,0259068	57,8	-3,13399	
57,9	0,890971	57,9	-0,0278412	57,9	-3,13458	
58	1,08421	58	-0,0305921	58	-3,13555	
58,1	1,20624	58,1	-0,0300618	58,1	-3,13537	
58,2	1,45799	58,2	-0,0337375	58,2	-3,13912	
58,3	1,71842	58,3	-0,0327647	58,3	-3,14112	
58,4	1,92087	58,4	-0,0336058	58,4	3,14139	
58,5	2,02393	58,5	-0,0399684	58,5	3,13877	
58,6	2,13126	58,6	-0,043093	58,6	3,13865	
58,7	2,28875	58,7	-0,041726	58,7	3,13855	
58,8	2,37819	58,8	-0,0433941	58,8	3,13489	
58,9	2,41611	58,9	-0,0483693	58,9	3,13221	
59	2,52922	59	-0,0462931	59	3,13186	
59,1	2,58138	59,1	-0,0490519	59,1	3,12832	
59,2	2,62391	59,2	-0,0498902	59,2	3,12778	
59,3	2,63295	59,3	-0,0535012	59,3	3,12706	
59,4	2,67831	59,4	-0,0546844	59,4	3,12397	
59,5	2,70701	59,5	-0,056976	59,5	3,12093	
59,6	2,73325	59,6	-0,0574632	59,6	3,11943	
59,7	2,77468	59,7	-0,0560234	59,7	3,11931	
59,8	2,79015	59,8	-0,0556923	59,8	3,11933	
59,9	2,76257	59,9	-0,0681671	59,9	3,11144	
60	2,78061	60	-0,0705622	60	3,10894	
60,1	2,80927	60,1	-0,0699221	60,1	3,10699	
60,2	2,81994	60,2	-0,0719865	60,2	3,1038	
60,3	2,82547	60,3	-0,0758637	60,3	3,10025	
60,4	2,83339	60,4	-0,0758065	60,4	3,10087	
60,5	2,83813	60,5	-0,0777123	60,5	3,10018	
60,6	2,85558	60,6	-0,0804763	60,6	3,09586	
60,7	2,8514	60,7	-0,0842323	60,7	3,09374	
60,8	2,86547	60,8	-0,0843479	60,8	3,09105	
60,9	2,87105	60,9	-0,0868611	60,9	3,08821	
61	2,84072	61	-0,0997107	61	3,08056	
61,1	2,88517	61,1	-0,0912173	61,1	3,08223	
61,2	2,88618	61,2	-0,0955948	61,2	3,07725	
61,3	2,86841	61,3	-0,105451	61,3	3,07019	
61,4	2,87918	61,4	-0,104495	61,4	3,07105	
61,5	2,8796	61,5	-0,107406	61,5	3,06764	
61,6	2,86954	61,6	-0,117679	61,6	3,05736	
61,7	2,85666	61,7	-0,12489	61,7	3,05191	
61,8	2,86738	61,8	-0,126792	61,8	3,04896	
61,9	2,87328	61,9	-0,129572	61,9	3,04549	
62	2,86183	62	-0,137935	62	3,03866	
62,1	2,86781	62,1	-0,138836	62,1	3,03765	
62,2	2,87017	62,2	-0,142309	62,2	3,03275	
62,3	2,85673	62,3	-0,154362	62,3	3,02088	
62,4	2,85881	62,4	-0,157342	62,4	3,01687	
62,5	2,84914	62,5	-0,167904	62,5	3,00743	
62,6	2,86121	62,6	-0,16386	62,6	3,01031	
62,7	2,83034	62,7	-0,189259	62,7	2,98626	
62,8	2,82324	62,8	-0,198153	62,8	2,97842	
62,9	2,81777	62,9	-0,205206	62,9	2,97194	
63	2,82987	63	-0,203191	63	2,97202	
63,1	2,82626	63,1	-0,212249	63,1	2,96161	
63,2	2,8142	63,2	-0,223755	63,2	2,95059	
63,3	2,79006	63,3	-0,24781	63,3	2,92602	
63,4	2,80414	63,4	-0,243163	63,4	2,92786	
63,5	2,78739	63,5	-0,258872	63,5	2,91263	
63,6	2,75475	63,6	-0,28703	63,6	2,88639	
63,7	2,7418	63,7	-0,303511	63,7	2,87033	
63,8	2,74815	63,8	-0,308039	63,8	2,86205	
63,9	2,69435	63,9	-0,358105	63,9	2,81325	
64	2,66936	64	-0,383591	64	2,78818	
64,1	2,63536	64,1	-0,419687	64,1	2,75233	
64,2	2,62292	64,2	-0,43445	64,2	2,73604	
64,3	2,57367	64,3	-0,483765	64,3	2,68715	
64,4	2,51232	64,4	-0,548757	64,4	2,62108	
64,5	2,43341	64,5	-0,626425	64,5	2,54446	
64,6	2,36685	64,6	-0,691631	64,6	2,48124	
64,7	2,29322	64,7	-0,767959	64,7	2,40495	
64,8	2,13414	64,8	-0,922212	64,8	2,25227	
64,9	2,02378	64,9	-1,0373	64,9	2,1357	
65	1,80933	65	-1,25463	65	1,91632	
65,1	1,65945	65,1	-1,40409	65,1	1,76758	
65,2	1,44453	65,2	-1,62138	65,2	1,55003	
65,3	1,24944	65,3	-1,81917	65,3	1,35326	
65,4	1,07601	65,4	-1,9907	65,4	1,18211	
65,5	0,900371	65,5	-2,16749	65,5	1,00614	
65,6	0,806523	65,6	-2,26198	65,6	0,911855	
65,7	0,687047	65,7	-2,37986	65,7	0,793816	
65,8	0,618935	65,8	-2,4492	65,8	0,72402	
65,9	0,561265	65,9	-2,50683	65,9	0,668115	
66	0,487473	66	-2,58006	66	0,593951	
66,1	0,447708	66,1	-2,62339	66,1	0,546009	
66,2	0,39129	66,2	-2,68519	66,2	0,48472	
66,3	0,380714	66,3	-2,69168	66,3	0,481811	
66,4	0,352102	66,4	-2,72317	66,4	0,448301	
66,5	0,301483	66,5	-2,77767	66,5	0,391285	
66,6	0,275892	66,6	-2,80515	66,6	0,364274	
66,7	0,268839	66,7	-2,80753	66,7	0,363924	
66,8	0,253494	66,8	-2,8249	66,8	0,348215	
66,9	0,249084	66,9	-2,8273	66,9	0,347298	
67	0,233225	67	-2,8454	67	0,326019	
67,1	0,194088	67,1	-2,89171	67,1	0,276695	
67,2	0,200061	67,2	-2,88167	67,2	0,291364	
67,3	0,186645	67,3	-2,89582	67,3	0,276506	
67,4	0,181573	67,4	-2,89895	67,4	0,273229	
67,5	0,173738	67,5	-2,90905	67,5	0,260744	
67,6	0,177183	67,6	-2,89943	67,6	0,273143	
67,7	0,172769	67,7	-2,90175	67,7	0,274623	
67,8	0,153587	67,8	-2,92897	67,8	0,246361	
67,9	0,138077	67,9	-2,94908	67,9	0,222704	
68	0,138315	68	-2,94589	68	0,227495	
68,1	0,138924	68,1	-2,94491	68,1	0,227305	
68,2	0,139125	68,2	-2,94074	68,2	0,235851	
68,3	0,124553	68,3	-2,96249	68,3	0,208763	
68,4	0,11045	68,4	-2,97958	68,4	0,190766	
68,5	0,115694	68,5	-2,97067	68,5	0,201821	
68,6	0,110958	68,6	-2,97721	68,6	0,193147	
68,7	0,108009	68,7	-2,98197	68,7	0,186865	
68,8	0,110586	68,8	-2,97416	68,8	0,199239	
68,9	0,108035	68,9	-2,97725	68,9	0,19946	
69	0,112716	69	-2,96674	69	0,212574	
69,1	0,101913	69,1	-2,98269	69,1	0,191657	
69,2	0,0921572	69,2	-2,9966	69,2	0,175165	
69,3	0,0913964	69,3	-2,99793	69,3	0,17633	
69,4	0,0877898	69,4	-3,00549	69,4	0,167069	
69,5	0,0871773	69,5	-3,00587	69,5	0,169906	
69,6	0,0896955	69,6	-2,99731	69,6	0,181751	
69,7	0,0875116	69,7	-3,0017	69,7	0,172232	
69,8	0,0838683	69,8	-3,0047	69,8	0,172316	
69,9	0,0852484	69,9	-3,00076	69,9	0,177386	
70	0,0797536	70	-3,00903	70	0,168086	
70,1	0,073922	70,1	-3,02111	70,1	0,147952	
70,2	0,0706817	70,2	-3,02583	70,2	0,14779	
70,3	0,0751217	70,3	-3,0141	70,3	0,163731	
70,4	0,0736849	70,4	-3,0172	70,4	0,161924	
70,5	0,0709285	70,5	-3,02194	70,5	0,154502	
70,6	0,0738353	70,6	-3,01622	70,6	0,162436	
70,7	0,0693476	70,7	-3,02353	70,7	0,155189	
70,8	0,0665325	70,8	-3,02777	70,8	0,154015	
70,9	0,0660935	70,9	-3,02536	70,9	0,147925	
71	0,0656387	71	-3,02935	71	0,139453	
71,1	0,0634809	71,1	-3,0347	71,1	0,138004	
71,2	0,0631865	71,2	-3,03289	71,2	0,138046	
71,3	0,059481	71,3	-3,03486	71,3	0,137356	
71,4	0,0562692	71,4	-3,03995	71,4	0,133642	
71,5	0,0570045	71,5	-3,0384	71,5	0,139083	
71,6	0,0571729	71,6	-3,03693	71,6	0,144366	
71,7	0,0562088	71,7	-3,03754	71,7	0,149382	
71,8	0,0553012	71,8	-3,03868	71,8	0,135333	
71,9	0,0541303	71,9	-3,04253	71,9	0,137812	
72	0,0517094	72	-3,04623	72	0,135161	
72,1	0,0548927	72,1	-3,03766	72,1	0,152822	
72,2	0,0545924	72,2	-3,04056	72,2	0,153252	
72,3	0,0516354	72,3	-3,04837	72,3	0,128096	
72,4	0,0492229	72,4	-3,04932	72,4	0,127395	
72,5	0,0522211	72,5	-3,04264	72,5	0,143026	
72,6	0,0532681	72,6	-3,04165	72,6	0,146727	
72,7	0,0497593	72,7	-3,05062	72,7	0,132391	
72,8	0,0486049	72,8	-3,05294	72,8	0,133263	
72,9	0,0511569	72,9	-3,04631	72,9	0,141944	
73	0,0519498	73	-3,04214	73	0,14864	
73,1	0,0460833	73,1	-3,05403	73,1	0,129795	
73,2	0,0447582	73,2	-3,05639	73,2	0,128533	
73,3	0,0452045	73,3	-3,05644	73,3	0,134328	
73,4	0,0430941	73,4	-3,06198	73,4	0,15219	
73,5	0,0458595	73,5	-3,05759	73,5	0,139224	
73,6	0,0495099	73,6	-3,04742	73,6	0,149477	
73,7	0,0480163	73,7	-3,04826	73,7	0,162035	
73,8	0,0465735	73,8	-3,05115	73,8	0,160882	
73,9	0,0465398	73,9	-3,05242	73,9	0,154482	
74	0,0467152	74	-3,05203	74	0,155051	
74,1	0,041215	74,1	-3,06853	74,1	0,125313	
74,2	0,0414958	74,2	-3,06403	74,2	0,151694	
74,3	0,0408288	74,3	-3,06491	74,3	0,161506	
74,4	0,0440237	74,4	-3,05491	74,4	0,174655	
74,5	0,0441593	74,5	-3,05655	74,5	0,158954	
74,6	0,043042	74,6	-3,06032	74,6	0,1645	
74,7	0,0424988	74,7	-3,06264	74,7	0,178058	
74,8	0,0400273	74,8	-3,07364	74,8	0,161909	
74,9	0,0394598	74,9	-3,074	74,9	0,160266	
75	0,0408424	75	-3,07005	75	0,162407	
75,1	0,0415673	75,1	-3,07041	75,1	0,183176	
75,2	0,0420782	75,2	-3,06977	75,2	0,196981	
75,3	0,0446134	75,3	-3,06537	75,3	0,210042	
75,4	0,0393892	75,4	-3,07772	75,4	0,196179	
75,5	0,0382764	75,5	-3,08219	75,5	0,19794	
75,6	0,0371076	75,6	-3,08199	75,6	0,209117	
75,7	0,0393504	75,7	-3,08128	75,7	0,221846	
75,8	0,0408673	75,8	-3,08385	75,8	0,239121	
75,9	0,0374277	75,9	-3,09484	75,9	0,246608	
76	0,038255	76	-3,09636	76	0,25497	
76,1	0,038369	76,1	-3,09716	76,1	0,262948	
76,2	0,0392291	76,2	-3,09924	76,2	0,272885	
76,3	0,04072	76,3	-3,10226	76,3	0,299199	
76,4	0,039878	76,4	-3,10708	76,4	0,313502	
76,5	0,04109	76,5	-3,11199	76,5	0,33392	
76,6	0,044535	76,6	-3,10704	76,6	0,386362	
76,7	0,0439915	76,7	-3,12323	76,7	0,387952	
76,8	0,0439456	76,8	-3,12953	76,8	0,429602	
76,9	0,0438175	76,9	-3,13271	76,9	0,49366	
77	0,0441392	77	3,14019	77	0,511301	
77,1	0,0484909	77,1	3,13232	77,1	0,578498	
77,2	0,0519128	77,2	3,1305	77,2	0,613959	
77,3	0,053049	77,3	3,11593	77,3	0,650353	
77,4	0,0536211	77,4	3,10136	77,4	0,697901	
77,5	0,056731	77,5	3,08678	77,5	0,724357	
77,6	0,0580675	77,6	3,06367	77,6	0,749091	
77,7	0,0624072	77,7	3,06274	77,7	0,784939	
77,8	0,0642487	77,8	3,04912	77,8	0,819811	
77,9	0,0664294	77,9	3,03523	77,9	0,823785	
78	0,0665188	78	3,01016	78	0,793212	
78,1	0,0679594	78,1	3,0073	78,1	0,769282	
78,2	0,069575	78,2	3,00578	78,2	0,734485	
78,3	0,0683956	78,3	2,99645	78,3	0,72102	
78,4	0,065704	78,4	2,99036	78,4	0,684612	
78,5	0,0625999	78,5	2,99153	78,5	0,632772	
78,6	0,0623372	78,6	3,00531	78,6	0,60338	
78,7	0,0595314	78,7	3,02028	78,7	0,541962	
78,8	0,057632	78,8	3,02092	78,8	0,504886	
78,9	0,0569037	78,9	3,04527	78,9	0,493372	
79	0,0516557	79	3,041	79	0,454473	
79,1	0,0453777	79,1	3,04174	79,1	0,394988	
79,2	0,0458109	79,2	3,08208	79,2	0,364564	
79,3	0,0474316	79,3	3,08416	79,3	0,369334	
79,4	0,0453947	79,4	3,09158	79,4	0,337123	
79,5	0,040134	79,5	3,10386	79,5	0,303608	
79,6	0,0401291	79,6	3,11739	79,6	0,289001	
79,7	0,0412115	79,7	3,12324	79,7	0,281376	
79,8	0,0383524	79,8	3,13255	79,8	0,264298	
79,9	0,0365501	79,9	3,13892	79,9	0,259996	
80	0,0351283	80	-3,13666	80	0,236381	
80,1	0,0318972	80,1	-3,13399	80,1	0,213103	
80,2	0,032878	80,2	-3,12535	80,2	0,227719	
80,3	0,0320361	80,3	-3,12274	80,3	0,220043	
80,4	0,0315045	80,4	-3,12807	80,4	0,214142	
80,5	0,029823	80,5	-3,13074	80,5	0,199514	
80,6	0,032224	80,6	-3,11902	80,6	0,194342	
80,7	0,0356796	80,7	-3,10212	80,7	0,208861	
80,8	0,0330834	80,8	-3,10452	80,8	0,186679	
80,9	0,0315446	80,9	-3,10836	80,9	0,177216	
81	0,0304202	81	-3,10065	81	0,153835	
81,1	0,0292681	81,1	-3,10608	81,1	0,158944	
81,2	0,0297044	81,2	-3,10296	81,2	0,161412	
81,3	0,0267233	81,3	-3,09656	81,3	0,150783	
81,4	0,0277007	81,4	-3,0938	81,4	0,141044	
81,5	0,0284055	81,5	-3,08826	81,5	0,143637	
81,6	0,0259595	81,6	-3,09199	81,6	0,130506	
81,7	0,0254763	81,7	-3,0935	81,7	0,137247	
81,8	0,0263648	81,8	-3,09417	81,8	0,132949	
81,9	0,026354	81,9	-3,09739	81,9	0,120622	
82	0,0254263	82	-3,09691	82	0,151259	
82,1	0,0273415	82,1	-3,09296	82,1	0,152706	
82,2	0,0262452	82,2	-3,08895	82,2	0,132251	
82,3	0,0246849	82,3	-3,0895	82,3	0,118515	
82,4	0,024763	82,4	-3,08862	82,4	0,103263	
82,5	0,0268768	82,5	-3,08552	82,5	0,115194	
82,6	0,0253454	82,6	-3,08652	82,6	0,104419	
82,7	0,0252084	82,7	-3,09644	82,7	0,123864	
82,8	0,0247587	82,8	-3,08842	82,8	0,107135	
82,9	0,0243789	82,9	-3,08082	82,9	0,0781967	
83	0,0240562	83	-3,08623	83	0,0713457	
83,1	0,0285173	83,1	-3,07344	83,1	0,123453	
83,2	0,0270036	83,2	-3,07535	83,2	0,129452	
83,3	0,0255928	83,3	-3,07812	83,3	0,116245	
83,4	0,0247735	83,4	-3,0788	83,4	0,103844	
83,5	0,0262823	83,5	-3,06294	83,5	0,133645	
83,6	0,0245823	83,6	-3,06724	83,6	0,111006	
83,7	0,0247394	83,7	-3,06343	83,7	0,128946	
83,8	0,0226867	83,8	-3,08307	83,8	0,0960782	
83,9	0,0231983	83,9	-3,08533	83,9	0,0791639	
84	0,0244849	84	-3,08288	84	0,0987698	
84,1	0,0234969	84,1	-3,07941	84,1	0,0841346	
84,2	0,0211613	84,2	-3,07639	84,2	0,0642179	
84,3	0,0222279	84,3	-3,07433	84,3	0,0836246	
84,4	0,023415	84,4	-3,07846	84,4	0,101839	
84,5	0,0218496	84,5	-3,07345	84,5	0,0908092	
84,6	0,0233833	84,6	-3,05588	84,6	0,0896159	
84,7	0,0226994	84,7	-3,06753	84,7	0,106364	
84,8	0,0209404	84,8	-3,08033	84,8	0,089703	
84,9	0,0227922	84,9	-3,06731	84,9	0,0874286	
85	0,0242698	85	-3,07761	85	0,112428	
85,1	0,022692	85,1	-3,07457	85,1	0,0902368	
85,2	0,0224382	85,2	-3,06301	85,2	0,0953809	
85,3	0,0225252	85,3	-3,05105	85,3	0,0861225	
85,4	0,022906	85,4	-3,06899	85,4	0,0708834	
85,5	0,0220692	85,5	-3,07514	85,5	0,0908786	
85,6	0,0207655	85,6	-3,07494	85,6	0,0760563	
85,7	0,0212758	85,7	-3,08466	85,7	0,0717967	
85,8	0,0259396	85,8	-3,06508	85,8	0,0846092	
85,9	0,0240516	85,9	-3,06306	85,9	0,0956539	
86	0,0216887	86	-3,06717	86	0,087878	
86,1	0,0214033	86,1	-3,06487	86,1	0,0610322	
86,2	0,0218235	86,2	-3,06156	86,2	0,0619009	
86,3	0,0241249	86,3	-3,06975	86,3	0,0919181	
86,4	0,0227282	86,4	-3,06711	86,4	0,0963669	
86,5	0,0223302	86,5	-3,054	86,5	0,0891047	
86,6	0,0237762	86,6	-3,05446	86,6	0,107616	
86,7	0,0208677	86,7	-3,05113	86,7	0,0854462	
86,8	0,0193041	86,8	-3,06198	86,8	0,0796606	
86,9	0,0208682	86,9	-3,07353	86,9	0,0712743	
87	0,0238468	87	-3,05569	87	0,0776235	
87,1	0,0218265	87,1	-3,06536	87,1	0,0853394	
87,2	0,022128	87,2	-3,06462	87,2	0,0846065	
87,3	0,0214163	87,3	-3,06265	87,3	0,0994104	
87,4	0,0205879	87,4	-3,06513	87,4	0,0990584	
87,5	0,0203251	87,5	-3,06663	87,5	0,0643513	
87,6	0,021457	87,6	-3,06108	87,6	0,0638698	
87,7	0,0186174	87,7	-3,06037	87,7	0,0826052	
87,8	0,020155	87,8	-3,06151	87,8	0,066619	
87,9	0,0239996	87,9	-3,02937	87,9	0,078904	
88	0,0223193	88	-3,04987	88	0,110127	
88,1	0,0224547	88,1	-3,06773	88,1	0,106079	
88,2	0,0213019	88,2	-3,06608	88,2	0,0949074	
88,3	0,0199124	88,3	-3,06411	88,3	0,0991283	
88,4	0,0209167	88,4	-3,06554	88,4	0,0701565	
88,5	0,0202707	88,5	-3,05059	88,5	0,0806038	
88,6	0,0191158	88,6	-3,04611	88,6	0,101753	
88,7	0,0206552	88,7	-3,06066	88,7	0,0752334	
88,8	0,0201286	88,8	-3,04372	88,8	0,0475671	
88,9	0,0202468	88,9	-3,05214	88,9	0,068505	
89	0,0212505	89	-3,0506	89	0,053613	
89,1	0,0199409	89,1	-3,04699	89,1	0,0515549	
89,2	0,0201898	89,2	-3,04612	89,2	0,0408006	
89,3	0,0198502	89,3	-3,05612	89,3	0,0132774	
89,4	0,0203781	89,4	-3,04129	89,4	0,102078	
89,5	0,0218611	89,5	-3,04674	89,5	0,0876224	
89,6	0,0210998	89,6	-3,06019	89,6	0,0683724	
89,7	0,0194233	89,7	-3,05702	89,7	0,0642851	
89,8	0,0206372	89,8	-3,03507	89,8	0,111423	
89,9	0,0202468	89,9	-3,03176	89,9	0,0860241	
90	0,0194096	90	-3,01977	90	0,0540498	
90,1	0,0213571	90,1	-3,0186	90,1	0,0585368	
90,2	0,0232367	90,2	-3,02784	90,2	0,0526859	
90,3	0,0220305	90,3	-3,03977	90,3	0,0659138	
90,4	0,0183231	90,4	-3,0603	90,4	0,036088	
90,5	0,0178679	90,5	-3,06364	90,5	0,0178081	
90,6	0,0193114	90,6	-3,038	90,6	0,0903552	
90,7	0,0207545	90,7	-3,02955	90,7	0,0617554	
90,8	0,0205335	90,8	-3,01994	90,8	0,059808	
90,9	0,0196714	90,9	-3,01939	90,9	0,0794982	
91	0,0212513	91	-3,02219	91	0,0660706	
91,1	0,0227331	91,1	-3,00836	91,1	0,0685385	
91,2	0,0222721	91,2	-3,01372	91,2	0,0522044	
91,3	0,0214065	91,3	-3,03731	91,3	0,0750234	
91,4	0,0218431	91,4	-3,01793	91,4	0,0720296	
91,5	0,0208821	91,5	-3,02241	91,5	0,0989093	
91,6	0,0193035	91,6	-3,01245	91,6	0,0321481	
91,7	0,0200437	91,7	-3,02526	91,7	-0,00286166	
91,8	0,0183174	91,8	-3,01882	91,8	-0,0100442	
91,9	0,0207639	91,9	-2,99644	91,9	-0,0248638	
92	0,0275678	92	-3,0009	92	0,038611	
92,1	0,0234835	92,1	-3,00181	92,1	0,0616316	
92,2	0,0220393	92,2	-3,00287	92,2	0,0231538	
92,3	0,0166446	92,3	-3,05612	92,3	0,0603116	
92,4	0,0194302	92,4	-3,00746	92,4	0,0700941	
92,5	0,0221628	92,5	-3,00824	92,5	0,0471291	
92,6	0,0208699	92,6	-2,96915	92,6	0,00482021	
92,7	0,0223435	92,7	-3,01714	92,7	0,0230989	
92,8	0,0226033	92,8	-2,98717	92,8	0,00915293	
92,9	0,0191157	92,9	-2,9831	92,9	0,0213777	
93	0,0170805	93	-3,0102	93	0,036196	
93,1	0,0188361	93,1	-2,98625	93,1	0,0482768	
93,2	0,0179683	93,2	-2,98417	93,2	0,0277237	
93,3	0,0199572	93,3	-3,0093	93,3	0,00952679	
93,4	0,0198379	93,4	-2,99282	93,4	0,0319179	
93,5	0,021573	93,5	-2,92988	93,5	0,0192148	
93,6	0,0230063	93,6	-2,92123	93,6	0,0671177	
93,7	0,021999	93,7	-2,97433	93,7	0,0828602	
93,8	0,0234109	93,8	-3,00715	93,8	0,0278159	
93,9	0,0234065	93,9	-2,96961	93,9	0,023354	
94	0,0211909	94	-2,93795	94	0,0286049	
94,1	0,0207201	94,1	-2,94087	94,1	0,0983145	
94,2	0,0183794	94,2	-3,0404	94,2	0,0608102	
94,3	0,0209762	94,3	-2,96274	94,3	-0,0022799	
94,4	0,021152	94,4	-2,96357	94,4	0,0024668	
94,5	0,0189058	94,5	-2,95841	94,5	0,0369676	
94,6	0,0182116	94,6	-2,91735	94,6	0,0212844	
94,7	0,0193825	94,7	-2,93934	94,7	-0,000845491	
94,8	0,0204502	94,8	-2,92934	94,8	0,0319042	
94,9	0,0247298	94,9	-2,8809	94,9	0,0423066	
95	0,0251961	95	-2,85267	95	0,0189744	
95,1	0,0251494	95,1	-2,93712	95,1	-0,0136739	
95,2	0,0259024	95,2	-2,88144	95,2	-0,0240484	
95,3	0,0233065	95,3	-2,81893	95,3	0,0344061	
95,4	0,02185	95,4	-2,84903	95,4	0,0748837	
95,5	0,0205763	95,5	-2,81899	95,5	0,0488496	
95,6	0,0210238	95,6	-2,85188	95,6	0,0159927	
95,7	0,0248924	95,7	-2,81749	95,7	0,0229957	
95,8	0,0242855	95,8	-2,79344	95,8	0,0530114	
95,9	0,0232592	95,9	-2,75522	95,9	0,0654823	
96	0,0217761	96	-2,74988	96	0,085096	
96,1	0,0234021	96,1	-2,79811	96,1	0,0635058	
96,2	0,0220934	96,2	-2,89373	96,2	0,0429757	
96,3	0,0223386	96,3	-2,79875	96,3	0,000428174	
96,4	0,0247794	96,4	-2,80313	96,4	-0,00938939	
96,5	0,0235557	96,5	-2,81524	96,5	0,0170822	
96,6	0,0219439	96,6	-2,69362	96,6	0,0279171	
96,7	0,0237108	96,7	-2,64417	96,7	0,0144475	
96,8	0,0242376	96,8	-2,60822	96,8	0,0234973	
96,9	0,0250876	96,9	-2,70174	96,9	0,016865	
97	0,0262958	97	-2,68897	97	0,0582585	
97,1	0,0269973	97,1	-2,64247	97,1	0,0696542	
97,2	0,0245247	97,2	-2,52325	97,2	0,0644243	
97,3	0,0254882	97,3	-2,61146	97,3	0,0452317	
97,4	0,0249332	97,4	-2,61616	97,4	0,0425911	
97,5	0,027406	97,5	-2,44295	97,5	0,0232646	
97,6	0,0267082	97,6	-2,47538	97,6	0,0268069	
97,7	0,0235143	97,7	-2,3798	97,7	0,0232198	
97,8	0,0258446	97,8	-2,20902	97,8	-0,030593	
97,9	0,0258477	97,9	-2,20644	97,9	-0,0255831	
98	0,0232323	98	-2,31407	98	0,0314042	
98,1	0,0246045	98,1	-2,32537	98,1	0,0289554	
98,2	0,0258924	98,2	-1,98632	98,2	0,0203926	
98,3	0,0244269	98,3	-1,67633	98,3	0,0565918	
98,4	0,024361	98,4	-1,89866	98,4	0,0235555	
98,5	0,0229642	98,5	-1,9598	98,5	0,0261215	
98,6	0,0253618	98,6	-1,59591	98,6	0,0167243	
98,7	0,030285	98,7	-1,57304	98,7	0,0425051	
98,8	0,0306299	98,8	-1,60222	98,8	0,0847652	
98,9	0,0299963	98,9	-1,54304	98,9	0,0611035	
99	0,028961	99	-1,22309	99	0,0297031	
99,1	0,0295102	99,1	-1,17488	99,1	0,00783582	
99,2	0,0261937	99,2	-1,04629	99,2	0,00576199	
99,3	0,0253697	99,3	-0,827077	99,3	-0,0224759	
99,4	0,0250043	99,4	-0,900822	99,4	-0,0801395	
99,5	0,0258094	99,5	-1,04013	99,5	0,00411881	
99,6	0,0257036	99,6	-0,882258	99,6	0,0175706	
99,7	0,0270266	99,7	-0,758359	99,7	-0,0279907	
99,8	0,0286406	99,8	-0,620133	99,8	-0,0159591	
99,9	0,0258192	99,9	-0,489606	99,9	-0,00947625	
100	0,0274628	100	-0,510207	100	-0,00117498	
