Frekvenca [Hz] - Frekv. prenosna funkcija	Amplituda frekv. prenosne funkcije [m/s^2/N] - Frekv. prenosna funkcija	
0	-22,3619	
1	-25,5189	
2	-25,4429	
3	-25,1085	
4	-24,084	
5	-23,9355	
6	-23,9605	
7	-23,9348	
8	-23,9322	
9	-23,9086	
10	-23,9995	
11	-24,0207	
12	-23,9927	
13	-23,9752	
14	-23,9955	
15	-24,0031	
16	-24,0425	
17	-24,0153	
18	-24,0045	
19	-23,9896	
20	-23,9714	
21	-23,958	
22	-24,0129	
23	-24,0047	
24	-23,9839	
25	-24,0486	
26	-24,0452	
27	-24,0131	
28	-24,0055	
29	-24,0272	
30	-24,0414	
31	-24,0037	
32	-23,9849	
33	-24,024	
34	-23,9998	
35	-24,0707	
36	-24,2728	
37	-24,3851	
38	-24,3984	
39	-24,4092	
40	-24,4032	
41	-24,3461	
42	-23,9964	
43	-23,8954	
44	-23,9492	
45	-24,0086	
46	-24,0774	
47	-24,0879	
48	-24,099	
49	-24,121	
50	-24,1242	
51	-24,1198	
52	-24,1459	
53	-24,1845	
54	-24,1687	
55	-24,1871	
56	-24,1999	
57	-24,2134	
58	-24,1947	
59	-24,2141	
60	-24,2159	
61	-24,2137	
62	-24,2564	
63	-24,2607	
64	-24,2396	
65	-24,2657	
66	-24,2603	
67	-24,2804	
68	-24,3107	
69	-24,3095	
70	-24,296	
71	-24,3102	
72	-24,3232	
73	-24,3311	
74	-24,3245	
75	-24,3216	
76	-24,3061	
77	-24,3173	
78	-24,3295	
79	-24,3217	
80	-24,3317	
81	-24,3277	
82	-24,3347	
83	-24,3305	
84	-24,3397	
85	-24,3388	
86	-24,3376	
87	-24,3508	
88	-24,3468	
89	-24,3556	
90	-24,3532	
91	-24,3823	
92	-24,3798	
93	-24,3834	
94	-24,4002	
95	-24,3868	
96	-24,3931	
97	-24,412	
98	-24,416	
99	-24,4253	
100	-24,4068	
101	-24,4111	
102	-24,4214	
103	-24,4285	
104	-24,4367	
105	-24,4475	
106	-24,4601	
107	-24,4606	
108	-24,4514	
109	-24,4424	
110	-24,4541	
111	-24,4485	
112	-24,4582	
113	-24,469	
114	-24,4752	
115	-24,4695	
116	-24,4997	
117	-24,4775	
118	-24,4777	
119	-24,488	
120	-24,4845	
121	-24,5023	
122	-24,5052	
123	-24,5084	
124	-24,5055	
125	-24,5185	
126	-24,5037	
127	-24,5065	
128	-24,4974	
129	-24,5187	
130	-24,5341	
131	-24,5394	
132	-24,5245	
133	-24,5313	
134	-24,5478	
135	-24,5438	
136	-24,5404	
137	-24,5208	
138	-24,5456	
139	-24,5463	
140	-24,5724	
141	-24,5762	
142	-24,5656	
143	-24,5815	
144	-24,5912	
145	-24,5821	
146	-24,5977	
147	-24,6209	
148	-24,6178	
149	-24,6341	
150	-24,6073	
151	-24,605	
152	-24,6361	
153	-24,6432	
154	-24,6612	
155	-24,6496	
156	-24,6498	
157	-24,6658	
158	-24,6758	
159	-24,6592	
160	-24,6742	
161	-24,6591	
162	-24,69	
163	-24,7184	
164	-24,7173	
165	-24,7312	
166	-24,7464	
167	-24,7485	
168	-24,7582	
169	-24,7818	
170	-24,7788	
171	-24,7784	
172	-24,7927	
173	-24,7954	
174	-24,8212	
175	-24,8211	
176	-24,8332	
177	-24,8521	
178	-24,8659	
179	-24,8752	
180	-24,876	
181	-24,8877	
182	-24,9104	
183	-24,9478	
184	-24,9374	
185	-24,9577	
186	-24,9719	
187	-24,998	
188	-25,0086	
189	-25,0026	
190	-25,0341	
191	-25,0376	
192	-25,0629	
193	-25,0861	
194	-25,0938	
195	-25,1044	
196	-25,123	
197	-25,1484	
198	-25,1833	
199	-25,2072	
200	-25,2167	
201	-25,2376	
202	-25,2689	
203	-25,2809	
204	-25,2988	
205	-25,3318	
206	-25,3716	
207	-25,3913	
208	-25,397	
209	-25,4393	
210	-25,4775	
211	-25,5213	
212	-25,54	
213	-25,587	
214	-25,5859	
215	-25,6057	
216	-25,6041	
217	-25,6025	
218	-25,6334	
219	-25,6838	
220	-25,7441	
221	-25,7886	
222	-25,8048	
223	-25,8349	
224	-25,8962	
225	-25,915	
226	-25,9848	
227	-25,9914	
228	-26,0319	
229	-26,0821	
230	-26,1274	
231	-26,16	
232	-26,2077	
233	-26,2306	
234	-26,2981	
235	-26,3324	
236	-26,3795	
237	-26,4184	
238	-26,4576	
239	-26,5012	
240	-26,5707	
241	-26,6213	
242	-26,6812	
243	-26,7397	
244	-26,8205	
245	-26,8654	
246	-26,9213	
247	-27,0134	
248	-27,0688	
249	-27,1219	
250	-27,214	
251	-27,2774	
252	-27,3526	
253	-27,4577	
254	-27,5252	
255	-27,6056	
256	-27,7092	
257	-27,8221	
258	-27,9301	
259	-27,9982	
260	-28,1316	
261	-28,2311	
262	-28,3615	
263	-28,47	
264	-28,6084	
265	-28,7787	
266	-28,8852	
267	-29,015	
268	-29,2032	
269	-29,3929	
270	-29,6096	
271	-29,8165	
272	-30,0368	
273	-30,2578	
274	-30,4941	
275	-30,7725	
276	-31,0803	
277	-31,3841	
278	-31,7101	
279	-32,1043	
280	-32,5729	
281	-33,0521	
282	-33,5647	
283	-34,1718	
284	-34,8969	
285	-35,686	
286	-36,6373	
287	-37,7385	
288	-39,1629	
289	-40,9535	
290	-43,2285	
291	-46,2522	
292	-49,2789	
293	-47,9441	
294	-43,8817	
295	-40,2415	
296	-37,3478	
297	-34,8948	
298	-32,82	
299	-30,9498	
300	-29,1991	
301	-27,5323	
302	-25,9517	
303	-24,3967	
304	-22,8495	
305	-21,2731	
306	-19,6805	
307	-18,0222	
308	-16,2526	
309	-14,3295	
310	-12,1801	
311	-9,67869	
312	-6,58962	
313	-2,40947	
314	4,33485	
315	10,5494	
316	1,78353	
317	-2,76375	
318	-5,56339	
319	-7,5418	
320	-9,04856	
321	-10,2447	
322	-11,2308	
323	-12,0603	
324	-12,7655	
325	-13,3811	
326	-13,9204	
327	-14,4029	
328	-14,834	
329	-15,219	
330	-15,5718	
331	-15,885	
332	-16,1777	
333	-16,4445	
334	-16,6944	
335	-16,9159	
336	-17,1302	
337	-17,3239	
338	-17,5025	
339	-17,6833	
340	-17,8468	
341	-17,9929	
342	-18,133	
343	-18,2594	
344	-18,3867	
345	-18,5094	
346	-18,6068	
347	-18,7105	
348	-18,8162	
349	-18,9196	
350	-19,0097	
351	-19,0872	
352	-19,1684	
353	-19,2484	
354	-19,3267	
355	-19,3977	
356	-19,4714	
357	-19,5314	
358	-19,5981	
359	-19,6595	
360	-19,7117	
361	-19,7655	
362	-19,8187	
363	-19,8648	
364	-19,9177	
365	-19,9646	
366	-20,0082	
367	-20,046	
368	-20,0828	
369	-20,1388	
370	-20,1768	
371	-20,2104	
372	-20,2491	
373	-20,2818	
374	-20,3196	
375	-20,3432	
376	-20,3706	
377	-20,3925	
378	-20,4214	
379	-20,4601	
380	-20,4835	
381	-20,5097	
382	-20,535	
383	-20,5561	
384	-20,577	
385	-20,6123	
386	-20,6328	
387	-20,6567	
388	-20,6645	
389	-20,6929	
390	-20,7226	
391	-20,7299	
392	-20,7601	
393	-20,7774	
394	-20,7917	
395	-20,8126	
396	-20,8122	
397	-20,8317	
398	-20,8525	
399	-20,8593	
400	-20,8683	
401	-20,894	
402	-20,918	
403	-20,9209	
404	-20,9412	
405	-20,9436	
406	-20,9646	
407	-20,9693	
408	-20,9818	
409	-20,9926	
410	-21,0047	
411	-21,0104	
412	-21,0219	
413	-21,0283	
414	-21,0412	
415	-21,0525	
416	-21,0557	
417	-21,0525	
418	-21,0724	
419	-21,0813	
420	-21,0964	
421	-21,0927	
422	-21,0976	
423	-21,1019	
424	-21,1241	
425	-21,1252	
426	-21,1302	
427	-21,1393	
428	-21,1497	
429	-21,1512	
430	-21,1564	
431	-21,168	
432	-21,1684	
433	-21,1806	
434	-21,1794	
435	-21,1839	
436	-21,1875	
437	-21,1866	
438	-21,1995	
439	-21,2035	
440	-21,2114	
441	-21,2225	
442	-21,2252	
443	-21,2352	
444	-21,2297	
445	-21,2244	
446	-21,2359	
447	-21,2405	
448	-21,2359	
449	-21,2458	
450	-21,2452	
451	-21,2442	
452	-21,2442	
453	-21,2533	
454	-21,265	
455	-21,275	
456	-21,2635	
457	-21,2633	
458	-21,2703	
459	-21,2725	
460	-21,2658	
461	-21,2737	
462	-21,2732	
463	-21,2726	
464	-21,2804	
465	-21,2696	
466	-21,2776	
467	-21,2787	
468	-21,2823	
469	-21,2889	
470	-21,3036	
471	-21,2895	
472	-21,293	
473	-21,2936	
474	-21,2996	
475	-21,2901	
476	-21,2897	
477	-21,295	
478	-21,2906	
479	-21,2938	
480	-21,3043	
481	-21,3025	
482	-21,3031	
483	-21,2973	
484	-21,3072	
485	-21,2991	
486	-21,3006	
487	-21,3096	
488	-21,2958	
489	-21,2899	
490	-21,3041	
491	-21,305	
492	-21,291	
493	-21,2939	
494	-21,3123	
495	-21,3044	
496	-21,3028	
497	-21,3107	
498	-21,3064	
499	-21,2973	
500	-21,3035	
501	-21,297	
502	-21,3035	
503	-21,2998	
504	-21,3069	
505	-21,3087	
506	-21,3045	
507	-21,3007	
508	-21,3079	
509	-21,3039	
510	-21,3051	
511	-21,3006	
512	-21,2943	
513	-21,3039	
514	-21,2955	
515	-21,3039	
516	-21,3044	
517	-21,3135	
518	-21,3191	
519	-21,3052	
520	-21,3035	
521	-21,3113	
522	-21,3073	
523	-21,309	
524	-21,3039	
525	-21,2921	
526	-21,3139	
527	-21,3024	
528	-21,297	
529	-21,2941	
530	-21,2876	
531	-21,2942	
532	-21,3013	
533	-21,2881	
534	-21,2868	
535	-21,2897	
536	-21,2948	
537	-21,2892	
538	-21,286	
539	-21,2929	
540	-21,2963	
541	-21,295	
542	-21,2942	
543	-21,3024	
544	-21,3007	
545	-21,2974	
546	-21,2952	
547	-21,293	
548	-21,3003	
549	-21,3032	
550	-21,2986	
551	-21,2894	
552	-21,2848	
553	-21,2925	
554	-21,297	
555	-21,2919	
556	-21,288	
557	-21,2836	
558	-21,2792	
559	-21,2877	
560	-21,289	
561	-21,2873	
562	-21,2912	
563	-21,2938	
564	-21,2819	
565	-21,2745	
566	-21,2871	
567	-21,2787	
568	-21,2815	
569	-21,2829	
570	-21,2785	
571	-21,2726	
572	-21,2687	
573	-21,261	
574	-21,2618	
575	-21,2687	
576	-21,2724	
577	-21,2646	
578	-21,2652	
579	-21,2698	
580	-21,2729	
581	-21,2688	
582	-21,2671	
583	-21,2717	
584	-21,2625	
585	-21,2526	
586	-21,2575	
587	-21,2554	
588	-21,2447	
589	-21,2356	
590	-21,2389	
591	-21,2364	
592	-21,2364	
593	-21,2422	
594	-21,2343	
595	-21,23	
596	-21,229	
597	-21,2298	
598	-21,2242	
599	-21,2166	
600	-21,2188	
601	-21,2085	
602	-21,2035	
603	-21,2084	
604	-21,1976	
605	-21,1986	
606	-21,1929	
607	-21,1828	
608	-21,1764	
609	-21,1767	
610	-21,1842	
611	-21,1742	
612	-21,1641	
613	-21,1661	
614	-21,158	
615	-21,1505	
616	-21,1511	
617	-21,151	
618	-21,156	
619	-21,1383	
620	-21,1428	
621	-21,1397	
622	-21,119	
623	-21,1125	
624	-21,1101	
625	-21,1053	
626	-21,1127	
627	-21,1136	
628	-21,0901	
629	-21,0718	
630	-21,0642	
631	-21,0775	
632	-21,0741	
633	-21,0735	
634	-20,9834	
635	-21,0159	
636	-21,0097	
637	-21,0129	
638	-21,0216	
639	-21,0179	
640	-21,0144	
641	-21,0058	
642	-20,9896	
643	-20,998	
644	-20,9885	
645	-20,9728	
646	-20,9621	
647	-20,9634	
648	-20,956	
649	-20,9458	
650	-20,949	
651	-20,9407	
652	-20,9186	
653	-20,9169	
654	-20,9045	
655	-20,8984	
656	-20,8876	
657	-20,8804	
658	-20,882	
659	-20,8716	
660	-20,8584	
661	-20,8577	
662	-20,8564	
663	-20,8318	
664	-20,8346	
665	-20,8278	
666	-20,8159	
667	-20,8065	
668	-20,8078	
669	-20,7896	
670	-20,7834	
671	-20,7776	
672	-20,7627	
673	-20,7454	
674	-20,7379	
675	-20,7343	
676	-20,728	
677	-20,7122	
678	-20,7132	
679	-20,7007	
680	-20,6885	
681	-20,6693	
682	-20,6557	
683	-20,6497	
684	-20,6378	
685	-20,6298	
686	-20,6216	
687	-20,599	
688	-20,5841	
689	-20,57	
690	-20,5445	
691	-20,5414	
692	-20,5309	
693	-20,5235	
694	-20,5453	
695	-20,5972	
696	-20,6191	
697	-20,6156	
698	-20,6174	
699	-20,6097	
700	-20,6053	
701	-20,5834	
702	-20,5905	
703	-20,5752	
704	-20,5646	
705	-20,5436	
706	-20,5426	
707	-20,5326	
708	-20,5204	
709	-20,5205	
710	-20,503	
711	-20,5036	
712	-20,4897	
713	-20,4759	
714	-20,4719	
715	-20,4622	
716	-20,4444	
717	-20,4399	
718	-20,4397	
719	-20,4278	
720	-20,4228	
721	-20,4265	
722	-20,4201	
723	-20,4074	
724	-20,403	
725	-20,387	
726	-20,3749	
727	-20,3648	
728	-20,3758	
729	-20,3579	
730	-20,3415	
731	-20,3427	
732	-20,3349	
733	-20,3307	
734	-20,3223	
735	-20,3108	
736	-20,307	
737	-20,2963	
738	-20,2923	
739	-20,297	
740	-20,2736	
741	-20,2607	
742	-20,2712	
743	-20,2621	
744	-20,2499	
745	-20,2408	
746	-20,2362	
747	-20,2307	
748	-20,226	
749	-20,2157	
750	-20,2151	
751	-20,1946	
752	-20,1924	
753	-20,1985	
754	-20,1743	
755	-20,1756	
756	-20,1686	
757	-20,1539	
758	-20,1547	
759	-20,1479	
760	-20,1406	
761	-20,1297	
762	-20,1213	
763	-20,1204	
764	-20,1159	
765	-20,1043	
766	-20,0911	
767	-20,0865	
768	-20,0707	
769	-20,0607	
770	-20,0573	
771	-20,07	
772	-20,0558	
773	-20,0474	
774	-20,0274	
775	-20,0185	
776	-20,0165	
777	-20,0053	
778	-20,0049	
779	-19,9978	
780	-19,9939	
781	-19,9803	
782	-19,9619	
783	-19,9565	
784	-19,9458	
785	-19,9488	
786	-19,9367	
787	-19,9257	
788	-19,92	
789	-19,9161	
790	-19,8982	
791	-19,8821	
792	-19,8789	
793	-19,8691	
794	-19,8682	
795	-19,8551	
796	-19,8448	
797	-19,8256	
798	-19,8267	
799	-19,8028	
800	-19,7988	
801	-19,788	
802	-19,7704	
803	-19,7678	
804	-19,7592	
805	-19,749	
806	-19,7355	
807	-19,7365	
808	-19,7377	
809	-19,7221	
810	-19,6923	
811	-19,6801	
812	-19,6659	
813	-19,6456	
814	-19,6357	
815	-19,6183	
816	-19,5971	
817	-19,5897	
818	-19,5706	
819	-19,5527	
820	-19,5408	
821	-19,5234	
822	-19,4997	
823	-19,4926	
824	-19,4718	
825	-19,4587	
826	-19,4352	
827	-19,4106	
828	-19,3835	
829	-19,3714	
830	-19,352	
831	-19,3183	
832	-19,3011	
833	-19,2748	
834	-19,2454	
835	-19,2205	
836	-19,1819	
837	-19,1499	
838	-19,1246	
839	-19,0788	
840	-19,0365	
841	-18,9945	
842	-18,9551	
843	-18,8959	
844	-18,8478	
845	-18,7865	
846	-18,7208	
847	-18,6376	
848	-18,5484	
849	-18,4428	
850	-18,326	
851	-18,187	
852	-18,0196	
853	-17,8032	
854	-17,5248	
855	-17,1684	
856	-16,6604	
857	-15,9105	
858	-14,6558	
859	-12,1787	
860	-7,44292	
861	-21,561	
862	-32,9933	
863	-26,5959	
864	-24,2187	
865	-23,0552	
866	-22,3624	
867	-21,8712	
868	-21,536	
869	-21,2626	
870	-21,0626	
871	-20,8988	
872	-20,7566	
873	-20,6418	
874	-20,5359	
875	-20,4568	
876	-20,3698	
877	-20,3043	
878	-20,2466	
879	-20,1907	
880	-20,1525	
881	-20,1071	
882	-20,0608	
883	-20,014	
884	-19,9802	
885	-19,938	
886	-19,9079	
887	-19,8865	
888	-19,8521	
889	-19,8178	
890	-19,796	
891	-19,7714	
892	-19,7604	
893	-19,7253	
894	-19,7092	
895	-19,6817	
896	-19,657	
897	-19,6295	
898	-19,6159	
899	-19,5943	
900	-19,5769	
901	-19,5575	
902	-19,5449	
903	-19,5267	
904	-19,502	
905	-19,5031	
906	-19,4839	
907	-19,4678	
908	-19,4482	
909	-19,4298	
910	-19,4227	
911	-19,3948	
912	-19,384	
913	-19,3713	
914	-19,3643	
915	-19,3487	
916	-19,3218	
917	-19,315	
918	-19,2927	
919	-19,2813	
920	-19,2755	
921	-19,2667	
922	-19,2491	
923	-19,2346	
924	-19,2252	
925	-19,2152	
926	-19,1873	
927	-19,1782	
928	-19,1638	
929	-19,1578	
930	-19,1454	
931	-19,1302	
932	-19,1201	
933	-19,1098	
934	-19,0974	
935	-19,0915	
936	-19,0726	
937	-19,0547	
938	-19,0449	
939	-19,0339	
940	-19,021	
941	-19,0058	
942	-18,9912	
943	-18,9757	
944	-18,9667	
945	-18,939	
946	-18,9308	
947	-18,9193	
948	-18,922	
949	-18,9063	
950	-18,8893	
951	-18,8821	
952	-18,8633	
953	-18,8489	
954	-18,8414	
955	-18,8306	
956	-18,827	
957	-18,8033	
958	-18,8034	
959	-18,7876	
960	-18,7731	
961	-18,7606	
962	-18,7425	
963	-18,7382	
964	-18,7242	
965	-18,7153	
966	-18,707	
967	-18,6899	
968	-18,6783	
969	-18,6679	
970	-18,6554	
971	-18,6429	
972	-18,6158	
973	-18,5991	
974	-18,6003	
975	-18,5905	
976	-18,5755	
977	-18,5665	
978	-18,5568	
979	-18,5337	
980	-18,5211	
981	-18,5121	
982	-18,5039	
983	-18,4947	
984	-18,4797	
985	-18,4605	
986	-18,4523	
987	-18,4442	
988	-18,429	
989	-18,423	
990	-18,4008	
991	-18,3832	
992	-18,3823	
993	-18,3668	
994	-18,3591	
995	-18,3413	
996	-18,3227	
997	-18,3178	
998	-18,2985	
999	-18,283	
1000	-18,275	
1001	-18,2646	
1002	-18,2513	
1003	-18,2351	
1004	-18,23	
1005	-18,2176	
1006	-18,2023	
1007	-18,1944	
1008	-18,174	
1009	-18,1667	
1010	-18,1499	
1011	-18,1394	
1012	-18,1301	
1013	-18,1145	
1014	-18,0998	
1015	-18,0887	
1016	-18,0774	
1017	-18,0645	
1018	-18,0463	
1019	-18,0288	
1020	-18,0282	
1021	-18,019	
1022	-18,0099	
1023	-17,9922	
1024	-17,9711	
1025	-17,9649	
1026	-17,9556	
1027	-17,945	
1028	-17,9253	
1029	-17,9103	
1030	-17,8922	
1031	-17,8956	
1032	-17,8732	
1033	-17,8591	
1034	-17,8451	
1035	-17,8329	
1036	-17,8271	
1037	-17,8102	
1038	-17,7901	
1039	-17,7519	
1040	-17,7656	
1041	-17,7661	
1042	-17,7512	
1043	-17,7351	
1044	-17,7165	
1045	-17,716	
1046	-17,6954	
1047	-17,6877	
1048	-17,6787	
1049	-17,6633	
1050	-17,6403	
1051	-17,6362	
1052	-17,6232	
1053	-17,608	
1054	-17,5935	
1055	-17,587	
1056	-17,5801	
1057	-17,5676	
1058	-17,5492	
1059	-17,5389	
1060	-17,53	
1061	-17,513	
1062	-17,5012	
1063	-17,49	
1064	-17,4845	
1065	-17,4683	
1066	-17,4563	
1067	-17,4398	
1068	-17,4254	
1069	-17,4181	
1070	-17,4127	
1071	-17,3926	
1072	-17,376	
1073	-17,3694	
1074	-17,3503	
1075	-17,3376	
1076	-17,3272	
1077	-17,3174	
1078	-17,2981	
1079	-17,2837	
1080	-17,273	
1081	-17,2605	
1082	-17,2571	
1083	-17,2309	
1084	-17,2178	
1085	-17,207	
1086	-17,2001	
1087	-17,1828	
1088	-17,1769	
1089	-17,1522	
1090	-17,1512	
1091	-17,1383	
1092	-17,1172	
1093	-17,1	
1094	-17,096	
1095	-17,0834	
1096	-17,0679	
1097	-17,0643	
1098	-17,0372	
1099	-17,0264	
1100	-17,0147	
1101	-17,0033	
1102	-16,9919	
1103	-16,9729	
1104	-16,9623	
1105	-16,947	
1106	-16,9317	
1107	-16,9217	
1108	-16,9107	
1109	-16,8936	
1110	-16,8806	
1111	-16,8689	
1112	-16,8539	
1113	-16,8333	
1114	-16,8228	
1115	-16,8129	
1116	-16,7968	
1117	-16,7795	
1118	-16,7653	
1119	-16,7493	
1120	-16,7274	
1121	-16,7214	
1122	-16,7062	
1123	-16,6941	
1124	-16,6798	
1125	-16,6636	
1126	-16,648	
1127	-16,6353	
1128	-16,6225	
1129	-16,6036	
1130	-16,5884	
1131	-16,5699	
1132	-16,5626	
1133	-16,5448	
1134	-16,5303	
1135	-16,5078	
1136	-16,4962	
1137	-16,4806	
1138	-16,4662	
1139	-16,4571	
1140	-16,4381	
1141	-16,4193	
1142	-16,4024	
1143	-16,3884	
1144	-16,3719	
1145	-16,3605	
1146	-16,3474	
1147	-16,336	
1148	-16,3136	
1149	-16,3041	
1150	-16,2862	
1151	-16,2708	
1152	-16,2502	
1153	-16,2344	
1154	-16,2167	
1155	-16,2014	
1156	-16,1857	
1157	-16,1638	
1158	-16,152	
1159	-16,1383	
1160	-16,1188	
1161	-16,0993	
1162	-16,0893	
1163	-16,0733	
1164	-16,0543	
1165	-16,0348	
1166	-16,0223	
1167	-16,01	
1168	-15,9857	
1169	-15,9722	
1170	-15,9539	
1171	-15,9387	
1172	-15,9236	
1173	-15,9032	
1174	-15,8905	
1175	-15,8713	
1176	-15,8549	
1177	-15,8328	
1178	-15,8183	
1179	-15,7979	
1180	-15,7853	
1181	-15,7627	
1182	-15,7467	
1183	-15,7354	
1184	-15,7155	
1185	-15,7027	
1186	-15,6836	
1187	-15,6753	
1188	-15,6454	
1189	-15,6212	
1190	-15,6085	
1191	-15,5921	
1192	-15,5808	
1193	-15,5605	
1194	-15,5428	
1195	-15,5209	
1196	-15,506	
1197	-15,4929	
1198	-15,4695	
1199	-15,4551	
1200	-15,4349	
1201	-15,4162	
1202	-15,3919	
1203	-15,3786	
1204	-15,3607	
1205	-15,3528	
1206	-15,3321	
1207	-15,3118	
1208	-15,2929	
1209	-15,2748	
1210	-15,2604	
1211	-15,2385	
1212	-15,2253	
1213	-15,2058	
1214	-15,1936	
1215	-15,1743	
1216	-15,1565	
1217	-15,1312	
1218	-15,1146	
1219	-15,0971	
1220	-15,0793	
1221	-15,0609	
1222	-15,0384	
1223	-15,0275	
1224	-15,0098	
1225	-14,9892	
1226	-14,9695	
1227	-14,9554	
1228	-14,941	
1229	-14,9204	
1230	-14,9045	
1231	-14,8795	
1232	-14,8601	
1233	-14,8416	
1234	-14,8234	
1235	-14,8091	
1236	-14,79	
1237	-14,7712	
1238	-14,749	
1239	-14,7355	
1240	-14,7125	
1241	-14,6979	
1242	-14,677	
1243	-14,6619	
1244	-14,6446	
1245	-14,622	
1246	-14,6061	
1247	-14,5771	
1248	-14,5624	
1249	-14,544	
1250	-14,5218	
1251	-14,5051	
1252	-14,4846	
1253	-14,4678	
1254	-14,4554	
1255	-14,4291	
1256	-14,4113	
1257	-14,389	
1258	-14,3677	
1259	-14,3476	
1260	-14,3308	
1261	-14,3118	
1262	-14,292	
1263	-14,2721	
1264	-14,2508	
1265	-14,2291	
1266	-14,2109	
1267	-14,1899	
1268	-14,1748	
1269	-14,1547	
1270	-14,1352	
1271	-14,1101	
1272	-14,0879	
1273	-14,0635	
1274	-14,0453	
1275	-14,0287	
1276	-14,0009	
1277	-13,9815	
1278	-13,9658	
1279	-13,9434	
1280	-13,9256	
1281	-13,9035	
1282	-13,8837	
1283	-13,8672	
1284	-13,8396	
1285	-13,8199	
1286	-13,7993	
1287	-13,7745	
1288	-13,7511	
1289	-13,7311	
1290	-13,7095	
1291	-13,6885	
1292	-13,6667	
1293	-13,6501	
1294	-13,6236	
1295	-13,603	
1296	-13,5746	
1297	-13,5557	
1298	-13,53	
1299	-13,508	
1300	-13,4859	
1301	-13,4658	
1302	-13,4424	
1303	-13,4208	
1304	-13,3951	
1305	-13,3733	
1306	-13,3477	
1307	-13,3264	
1308	-13,3057	
1309	-13,2833	
1310	-13,2616	
1311	-13,2383	
1312	-13,2175	
1313	-13,1897	
1314	-13,1657	
1315	-13,1434	
1316	-13,119	
1317	-13,0953	
1318	-13,0677	
1319	-13,0448	
1320	-13,0231	
1321	-13,0006	
1322	-12,9788	
1323	-12,9578	
1324	-12,9292	
1325	-12,8997	
1326	-12,8713	
1327	-12,8501	
1328	-12,8268	
1329	-12,8031	
1330	-12,7728	
1331	-12,7561	
1332	-12,7254	
1333	-12,7	
1334	-12,674	
1335	-12,6502	
1336	-12,6218	
1337	-12,5934	
1338	-12,5738	
1339	-12,5476	
1340	-12,5203	
1341	-12,4991	
1342	-12,4707	
1343	-12,4474	
1344	-12,4225	
1345	-12,3945	
1346	-12,3636	
1347	-12,3362	
1348	-12,3087	
1349	-12,2857	
1350	-12,2553	
1351	-12,2232	
1352	-12,1894	
1353	-12,143	
1354	-12,0992	
1355	-12,0939	
1356	-12,0836	
1357	-12,0599	
1358	-12,0367	
1359	-12,0102	
1360	-11,9838	
1361	-11,9565	
1362	-11,9303	
1363	-11,9037	
1364	-11,8749	
1365	-11,8442	
1366	-11,8186	
1367	-11,7899	
1368	-11,7587	
1369	-11,7308	
1370	-11,7076	
1371	-11,6783	
1372	-11,6497	
1373	-11,6231	
1374	-11,5953	
1375	-11,5648	
1376	-11,5361	
1377	-11,5069	
1378	-11,4771	
1379	-11,452	
1380	-11,4211	
1381	-11,3927	
1382	-11,3618	
1383	-11,3337	
1384	-11,3056	
1385	-11,2736	
1386	-11,244	
1387	-11,2132	
1388	-11,18	
1389	-11,1548	
1390	-11,1259	
1391	-11,0948	
1392	-11,0645	
1393	-11,0329	
1394	-11,003	
1395	-10,9742	
1396	-10,9454	
1397	-10,9143	
1398	-10,8836	
1399	-10,8496	
1400	-10,8174	
1401	-10,7882	
1402	-10,7577	
1403	-10,7272	
1404	-10,6929	
1405	-10,6574	
1406	-10,6286	
1407	-10,5993	
1408	-10,5675	
1409	-10,5341	
1410	-10,5015	
1411	-10,4664	
1412	-10,438	
1413	-10,4068	
1414	-10,3704	
1415	-10,336	
1416	-10,3037	
1417	-10,2724	
1418	-10,2375	
1419	-10,2032	
1420	-10,1699	
1421	-10,1403	
1422	-10,1037	
1423	-10,0683	
1424	-10,0342	
1425	-9,99934	
1426	-9,97077	
1427	-9,93483	
1428	-9,89888	
1429	-9,86789	
1430	-9,83064	
1431	-9,79062	
1432	-9,7529	
1433	-9,72382	
1434	-9,68445	
1435	-9,65092	
1436	-9,61622	
1437	-9,57514	
1438	-9,5418	
1439	-9,50322	
1440	-9,46753	
1441	-9,43019	
1442	-9,39203	
1443	-9,35698	
1444	-9,31836	
1445	-9,278	
1446	-9,24046	
1447	-9,20247	
1448	-9,16735	
1449	-9,12965	
1450	-9,08696	
1451	-9,04953	
1452	-9,01195	
1453	-8,97522	
1454	-8,93439	
1455	-8,89331	
1456	-8,85533	
1457	-8,8164	
1458	-8,77414	
1459	-8,73572	
1460	-8,695	
1461	-8,65245	
1462	-8,60872	
1463	-8,57089	
1464	-8,52611	
1465	-8,48259	
1466	-8,44377	
1467	-8,40129	
1468	-8,35872	
1469	-8,31653	
1470	-8,27515	
1471	-8,23047	
1472	-8,19014	
1473	-8,1451	
1474	-8,09781	
1475	-8,05357	
1476	-8,00721	
1477	-7,96473	
1478	-7,91922	
1479	-7,87414	
1480	-7,82728	
1481	-7,78586	
1482	-7,73814	
1483	-7,68952	
1484	-7,64475	
1485	-7,59929	
1486	-7,5509	
1487	-7,50407	
1488	-7,45844	
1489	-7,41047	
1490	-7,36068	
1491	-7,31171	
1492	-7,26013	
1493	-7,21359	
1494	-7,16353	
1495	-7,11424	
1496	-7,06476	
1497	-7,01671	
1498	-6,96667	
1499	-6,91687	
1500	-6,86537	
1501	-6,81103	
1502	-6,7615	
1503	-6,70933	
1504	-6,65828	
1505	-6,60745	
1506	-6,55444	
1507	-6,49707	
1508	-6,44604	
1509	-6,39158	
1510	-6,33818	
1511	-6,28073	
1512	-6,22568	
1513	-6,17053	
1514	-6,11557	
1515	-6,05835	
1516	-6,0011	
1517	-5,94506	
1518	-5,88784	
1519	-5,83149	
1520	-5,7713	
1521	-5,71437	
1522	-5,65762	
1523	-5,59847	
1524	-5,53983	
1525	-5,48006	
1526	-5,4175	
1527	-5,35715	
1528	-5,29585	
1529	-5,23281	
1530	-5,17141	
1531	-5,11036	
1532	-5,04727	
1533	-4,98044	
1534	-4,91866	
1535	-4,8554	
1536	-4,79206	
1537	-4,72571	
1538	-4,65859	
1539	-4,59357	
1540	-4,52681	
1541	-4,45991	
1542	-4,39331	
1543	-4,3232	
1544	-4,25499	
1545	-4,18791	
1546	-4,11527	
1547	-4,04406	
1548	-3,97216	
1549	-3,90172	
1550	-3,82981	
1551	-3,75797	
1552	-3,68441	
1553	-3,61104	
1554	-3,53598	
1555	-3,46148	
1556	-3,38261	
1557	-3,30749	
1558	-3,22993	
1559	-3,15239	
1560	-3,07463	
1561	-2,99483	
1562	-2,91365	
1563	-2,83288	
1564	-2,75097	
1565	-2,66817	
1566	-2,58356	
1567	-2,49986	
1568	-2,41545	
1569	-2,32834	
1570	-2,24221	
1571	-2,15393	
1572	-2,06498	
1573	-1,97406	
1574	-1,88017	
1575	-1,79506	
1576	-1,70108	
1577	-1,60727	
1578	-1,51287	
1579	-1,41825	
1580	-1,32187	
1581	-1,22401	
1582	-1,12509	
1583	-1,02536	
1584	-0,923432	
1585	-0,821319	
1586	-0,717396	
1587	-0,613497	
1588	-0,506714	
1589	-0,399046	
1590	-0,289457	
1591	-0,179852	
1592	-0,0676439	
1593	0,0451796	
1594	0,159656	
1595	0,276019	
1596	0,393542	
1597	0,514376	
1598	0,63651	
1599	0,759421	
1600	0,884606	
1601	1,01051	
1602	1,13887	
1603	1,26974	
1604	1,401	
1605	1,53606	
1606	1,67247	
1607	1,81179	
1608	1,95289	
1609	2,09769	
1610	2,24465	
1611	2,39263	
1612	2,54462	
1613	2,6988	
1614	2,85673	
1615	3,01635	
1616	3,17878	
1617	3,34537	
1618	3,51389	
1619	3,68624	
1620	3,86293	
1621	4,04365	
1622	4,22735	
1623	4,41521	
1624	4,60692	
1625	4,80382	
1626	5,00533	
1627	5,21177	
1628	5,42344	
1629	5,63959	
1630	5,86165	
1631	6,08996	
1632	6,32402	
1633	6,56367	
1634	6,81073	
1635	7,06486	
1636	7,32628	
1637	7,5959	
1638	7,87434	
1639	8,16184	
1640	8,45986	
1641	8,76912	
1642	9,09083	
1643	9,42455	
1644	9,77036	
1645	10,1306	
1646	10,5063	
1647	10,8992	
1648	11,3104	
1649	11,7419	
1650	12,1951	
1651	12,673	
1652	13,18	
1653	13,7182	
1654	14,2905	
1655	14,9013	
1656	15,5595	
1657	16,2748	
1658	17,0497	
1659	17,8968	
1660	18,8407	
1661	19,8984	
1662	21,091	
1663	22,4578	
1664	24,0611	
1665	25,9889	
1666	28,3686	
1667	31,3239	
1668	34,4079	
1669	34,7818	
1670	31,8644	
1671	28,7411	
1672	26,222	
1673	24,2173	
1674	22,58	
1675	21,1875	
1676	19,9723	
1677	18,9025	
1678	17,9531	
1679	17,0992	
1680	16,3178	
1681	15,5969	
1682	14,9358	
1683	14,3226	
1684	13,7442	
1685	13,1998	
1686	12,6901	
1687	12,2083	
1688	11,7514	
1689	11,3168	
1690	10,902	
1691	10,5065	
1692	10,1281	
1693	9,76477	
1694	9,41298	
1695	9,07058	
1696	8,73159	
1697	8,4049	
1698	8,14234	
1699	7,86787	
1700	7,591	
1701	7,31934	
1702	7,05497	
1703	6,79759	
1704	6,54812	
1705	6,30546	
1706	6,07028	
1707	5,84107	
1708	5,61948	
1709	5,40218	
1710	5,18909	
1711	4,98137	
1712	4,77826	
1713	4,58024	
1714	4,38645	
1715	4,1972	
1716	4,01232	
1717	3,83009	
1718	3,65232	
1719	3,47716	
1720	3,30559	
1721	3,13818	
1722	2,97248	
1723	2,81168	
1724	2,6533	
1725	2,49795	
1726	2,34502	
1727	2,19466	
1728	2,04663	
1729	1,90021	
1730	1,75711	
1731	1,61645	
1732	1,47877	
1733	1,34231	
1734	1,20756	
1735	1,07594	
1736	0,945506	
1737	0,816793	
1738	0,68909	
1739	0,564946	
1740	0,44169	
1741	0,319232	
1742	0,199684	
1743	0,08137	
1744	-0,03569	
1745	-0,150151	
1746	-0,264435	
1747	-0,377491	
1748	-0,486903	
1749	-0,596223	
1750	-0,703887	
1751	-0,811071	
1752	-0,915247	
1753	-1,02014	
1754	-1,12315	
1755	-1,22436	
1756	-1,32551	
1757	-1,4251	
1758	-1,52276	
1759	-1,62066	
1760	-1,71807	
1761	-1,81369	
1762	-1,90836	
1763	-2,00297	
1764	-2,09891	
1765	-2,19023	
1766	-2,28008	
1767	-2,36753	
1768	-2,45505	
1769	-2,54311	
1770	-2,62886	
1771	-2,71628	
1772	-2,80138	
1773	-2,88428	
1774	-2,96998	
1775	-3,05162	
1776	-3,13378	
1777	-3,2131	
1778	-3,29395	
1779	-3,37448	
1780	-3,45366	
1781	-3,53242	
1782	-3,60999	
1783	-3,68787	
1784	-3,76297	
1785	-3,83727	
1786	-3,91364	
1787	-3,98719	
1788	-4,06071	
1789	-4,13275	
1790	-4,20501	
1791	-4,27551	
1792	-4,34761	
1793	-4,41632	
1794	-4,48826	
1795	-4,55906	
1796	-4,62887	
1797	-4,69502	
1798	-4,76323	
1799	-4,82893	
1800	-4,8954	
1801	-4,96205	
1802	-5,02632	
1803	-5,09283	
1804	-5,15669	
1805	-5,21863	
1806	-5,28242	
1807	-5,34461	
1808	-5,40776	
1809	-5,46979	
1810	-5,53162	
1811	-5,59196	
1812	-5,65374	
1813	-5,71296	
1814	-5,77344	
1815	-5,83404	
1816	-5,89071	
1817	-5,9482	
1818	-6,0064	
1819	-6,0656	
1820	-6,12259	
1821	-6,17831	
1822	-6,23443	
1823	-6,29144	
1824	-6,3485	
1825	-6,40217	
1826	-6,45595	
1827	-6,50995	
1828	-6,56546	
1829	-6,62048	
1830	-6,67346	
1831	-6,72577	
1832	-6,77931	
1833	-6,83227	
1834	-6,88439	
1835	-6,93563	
1836	-6,98736	
1837	-7,03993	
1838	-7,08991	
1839	-7,14114	
1840	-7,19112	
1841	-7,24088	
1842	-7,29141	
1843	-7,33873	
1844	-7,38613	
1845	-7,43451	
1846	-7,48497	
1847	-7,5316	
1848	-7,58086	
1849	-7,62734	
1850	-7,67587	
1851	-7,72114	
1852	-7,77038	
1853	-7,81556	
1854	-7,8631	
1855	-7,90999	
1856	-7,95537	
1857	-8,00197	
1858	-8,04488	
1859	-8,09057	
1860	-8,1402	
1861	-8,18556	
1862	-8,22735	
1863	-8,27245	
1864	-8,31861	
1865	-8,36063	
1866	-8,40148	
1867	-8,4468	
1868	-8,48849	
1869	-8,53037	
1870	-8,57522	
1871	-8,61699	
1872	-8,65772	
1873	-8,69982	
1874	-8,74214	
1875	-8,78367	
1876	-8,82796	
1877	-8,87151	
1878	-8,9086	
1879	-8,95064	
1880	-8,99255	
1881	-9,03291	
1882	-9,07348	
1883	-9,11368	
1884	-9,15576	
1885	-9,19482	
1886	-9,23266	
1887	-9,27194	
1888	-9,31539	
1889	-9,35467	
1890	-9,39251	
1891	-9,43221	
1892	-9,46922	
1893	-9,51005	
1894	-9,54838	
1895	-9,58882	
1896	-9,62607	
1897	-9,66361	
1898	-9,70283	
1899	-9,74249	
1900	-9,78153	
1901	-9,81581	
1902	-9,8535	
1903	-9,89021	
1904	-9,92475	
1905	-9,95888	
1906	-10	
1907	-10,0378	
1908	-10,0754	
1909	-10,1129	
1910	-10,1478	
1911	-10,1869	
1912	-10,2204	
1913	-10,2574	
1914	-10,2905	
1915	-10,3258	
1916	-10,3629	
1917	-10,3977	
1918	-10,4337	
1919	-10,4713	
1920	-10,5065	
1921	-10,5407	
1922	-10,5703	
1923	-10,6055	
1924	-10,6415	
1925	-10,6759	
1926	-10,7112	
1927	-10,746	
1928	-10,7814	
1929	-10,8137	
1930	-10,8478	
1931	-10,8833	
1932	-10,9169	
1933	-10,9505	
1934	-10,9868	
1935	-11,0191	
1936	-11,0497	
1937	-11,0791	
1938	-11,113	
1939	-11,1467	
1940	-11,1808	
1941	-11,2138	
1942	-11,249	
1943	-11,2801	
1944	-11,3132	
1945	-11,3443	
1946	-11,3756	
1947	-11,4141	
1948	-11,4468	
1949	-11,4737	
1950	-11,5047	
1951	-11,5306	
1952	-11,5621	
1953	-11,5918	
1954	-11,625	
1955	-11,6561	
1956	-11,6954	
1957	-11,7231	
1958	-11,7484	
1959	-11,7794	
1960	-11,8105	
1961	-11,8449	
1962	-11,8706	
1963	-11,9043	
1964	-11,9348	
1965	-11,9656	
1966	-11,9968	
1967	-12,0265	
1968	-12,057	
1969	-12,0869	
1970	-12,1156	
1971	-12,1425	
1972	-12,1774	
1973	-12,211	
1974	-12,2366	
1975	-12,2575	
1976	-12,2844	
1977	-12,3212	
1978	-12,3588	
1979	-12,378	
1980	-12,4036	
1981	-12,4389	
1982	-12,4446	
1983	-12,4223	
1984	-12,4575	
1985	-12,5095	
1986	-12,5358	
1987	-12,5794	
1988	-12,6161	
1989	-12,6549	
1990	-12,6766	
1991	-12,7009	
1992	-12,7332	
1993	-12,7665	
1994	-12,7943	
1995	-12,8176	
1996	-12,8425	
1997	-12,8778	
1998	-12,9012	
1999	-12,9168	
2000	-12,942	
2001	-12,979	
2002	-13,0048	
2003	-13,0293	
2004	-13,0571	
2005	-13,0856	
2006	-13,1059	
2007	-13,1297	
2008	-13,1565	
2009	-13,1888	
2010	-13,2045	
2011	-13,2285	
2012	-13,2629	
2013	-13,2905	
2014	-13,3174	
2015	-13,3361	
2016	-13,3557	
2017	-13,3873	
2018	-13,4145	
2019	-13,4378	
2020	-13,4677	
2021	-13,4843	
2022	-13,507	
2023	-13,5319	
2024	-13,5598	
2025	-13,5847	
2026	-13,605	
2027	-13,6341	
2028	-13,657	
2029	-13,6775	
2030	-13,6993	
2031	-13,726	
2032	-13,7543	
2033	-13,7765	
2034	-13,8001	
2035	-13,8243	
2036	-13,8519	
2037	-13,8712	
2038	-13,8976	
2039	-13,9227	
2040	-13,9321	
2041	-13,9587	
2042	-13,9771	
2043	-13,9996	
2044	-14,0259	
2045	-14,0399	
2046	-14,0634	
2047	-14,0737	
2048	-14,093	
2049	-14,1281	
2050	-14,1543	
2051	-14,1772	
2052	-14,2055	
2053	-14,229	
2054	-14,2499	
2055	-14,269	
2056	-14,2947	
2057	-14,3198	
2058	-14,3397	
2059	-14,3655	
2060	-14,3872	
2061	-14,4141	
2062	-14,4354	
2063	-14,4556	
2064	-14,4771	
2065	-14,501	
2066	-14,5207	
2067	-14,5415	
2068	-14,5678	
2069	-14,59	
2070	-14,6098	
2071	-14,6377	
2072	-14,6592	
2073	-14,681	
2074	-14,7004	
2075	-14,7195	
2076	-14,7386	
2077	-14,7563	
2078	-14,7813	
2079	-14,7929	
2080	-14,8217	
2081	-14,843	
2082	-14,8681	
2083	-14,8925	
2084	-14,9102	
2085	-14,9343	
2086	-14,9511	
2087	-14,9756	
2088	-14,9977	
2089	-15,0161	
2090	-15,0302	
2091	-15,0572	
2092	-15,0888	
2093	-15,1056	
2094	-15,124	
2095	-15,1495	
2096	-15,1623	
2097	-15,1898	
2098	-15,2088	
2099	-15,2244	
2100	-15,25	
2101	-15,2736	
2102	-15,2909	
2103	-15,31	
2104	-15,325	
2105	-15,3572	
2106	-15,3736	
2107	-15,3936	
2108	-15,4145	
2109	-15,4386	
2110	-15,4533	
2111	-15,4796	
2112	-15,503	
2113	-15,5182	
2114	-15,5371	
2115	-15,5574	
2116	-15,5764	
2117	-15,5996	
2118	-15,6208	
2119	-15,638	
2120	-15,6579	
2121	-15,6745	
2122	-15,6994	
2123	-15,7204	
2124	-15,7464	
2125	-15,7608	
2126	-15,7791	
2127	-15,7922	
2128	-15,8145	
2129	-15,8305	
2130	-15,8562	
2131	-15,8775	
2132	-15,8982	
2133	-15,9188	
2134	-15,9414	
2135	-15,9516	
2136	-15,9685	
2137	-15,9854	
2138	-16,0064	
2139	-16,0323	
2140	-16,0525	
2141	-16,0666	
2142	-16,0882	
2143	-16,1127	
2144	-16,1323	
2145	-16,1497	
2146	-16,166	
2147	-16,1835	
2148	-16,2011	
2149	-16,2235	
2150	-16,2421	
2151	-16,2628	
2152	-16,2821	
2153	-16,3014	
2154	-16,325	
2155	-16,3386	
2156	-16,356	
2157	-16,3669	
2158	-16,3895	
2159	-16,4117	
2160	-16,4152	
2161	-16,441	
2162	-16,4592	
2163	-16,4809	
2164	-16,5061	
2165	-16,5261	
2166	-16,5395	
2167	-16,5522	
2168	-16,5767	
2169	-16,5988	
2170	-16,6142	
2171	-16,6282	
2172	-16,6454	
2173	-16,6579	
2174	-16,6844	
2175	-16,6985	
2176	-16,7145	
2177	-16,7413	
2178	-16,7571	
2179	-16,7701	
2180	-16,7815	
2181	-16,8041	
2182	-16,8194	
2183	-16,8458	
2184	-16,8629	
2185	-16,8827	
2186	-16,8924	
2187	-16,9097	
2188	-16,9246	
2189	-16,9581	
2190	-16,9724	
2191	-16,9815	
2192	-17,0074	
2193	-17,014	
2194	-17,0369	
2195	-17,0522	
2196	-17,0699	
2197	-17,0821	
2198	-17,1012	
2199	-17,1144	
2200	-17,1335	
2201	-17,1597	
2202	-17,1707	
2203	-17,1911	
2204	-17,2061	
2205	-17,2221	
2206	-17,2467	
2207	-17,2713	
2208	-17,2777	
2209	-17,2911	
2210	-17,3056	
2211	-17,3253	
2212	-17,342	
2213	-17,3507	
2214	-17,3691	
2215	-17,3902	
2216	-17,404	
2217	-17,4267	
2218	-17,4596	
2219	-17,456	
2220	-17,4764	
2221	-17,498	
2222	-17,5105	
2223	-17,5209	
2224	-17,5387	
2225	-17,5671	
2226	-17,5814	
2227	-17,5956	
2228	-17,6199	
2229	-17,6402	
2230	-17,6513	
2231	-17,6596	
2232	-17,6806	
2233	-17,697	
2234	-17,7062	
2235	-17,7259	
2236	-17,7377	
2237	-17,7579	
2238	-17,773	
2239	-17,7848	
2240	-17,8039	
2241	-17,8251	
2242	-17,8306	
2243	-17,8593	
2244	-17,8753	
2245	-17,8942	
2246	-17,9083	
2247	-17,9297	
2248	-17,9467	
2249	-17,9586	
2250	-17,9796	
2251	-17,9864	
2252	-18,0211	
2253	-18,0296	
2254	-18,0364	
2255	-18,0524	
2256	-18,0794	
2257	-18,0963	
2258	-18,1166	
2259	-18,1265	
2260	-18,1348	
2261	-18,1471	
2262	-18,1582	
2263	-18,1897	
2264	-18,202	
2265	-18,2251	
2266	-18,2425	
2267	-18,2569	
2268	-18,2729	
2269	-18,3001	
2270	-18,309	
2271	-18,326	
2272	-18,3409	
2273	-18,3539	
2274	-18,3586	
2275	-18,3897	
2276	-18,402	
2277	-18,4095	
2278	-18,4241	
2279	-18,4545	
2280	-18,4637	
2281	-18,4789	
2282	-18,4963	
2283	-18,5203	
2284	-18,5295	
2285	-18,547	
2286	-18,5758	
2287	-18,5948	
2288	-18,6098	
2289	-18,6185	
2290	-18,6333	
2291	-18,6465	
2292	-18,6666	
2293	-18,6941	
2294	-18,7108	
2295	-18,7337	
2296	-18,7419	
2297	-18,7635	
2298	-18,7739	
2299	-18,7433	
2300	-18,7487	
2301	-18,7642	
2302	-18,793	
2303	-18,81	
2304	-18,8258	
2305	-18,8511	
2306	-18,8802	
2307	-18,8965	
2308	-18,9035	
2309	-18,913	
2310	-18,9302	
2311	-18,9494	
2312	-18,9723	
2313	-18,9798	
2314	-19,0024	
2315	-19,0196	
2316	-19,0299	
2317	-19,0368	
2318	-19,0632	
2319	-19,0881	
2320	-19,0891	
2321	-19,1053	
2322	-19,1236	
2323	-19,1332	
2324	-19,1654	
2325	-19,1669	
2326	-19,1938	
2327	-19,1972	
2328	-19,204	
2329	-19,2229	
2330	-19,2311	
2331	-19,2423	
2332	-19,2529	
2333	-19,2763	
2334	-19,2893	
2335	-19,301	
2336	-19,3202	
2337	-19,3314	
2338	-19,3413	
2339	-19,3527	
2340	-19,373	
2341	-19,3773	
2342	-19,3913	
2343	-19,4015	
2344	-19,3928	
2345	-19,4069	
2346	-19,4129	
2347	-19,4247	
2348	-19,4143	
2349	-19,4142	
2350	-19,4056	
2351	-19,3954	
2352	-19,3783	
2353	-19,3627	
2354	-19,3187	
2355	-19,2567	
2356	-19,1727	
2357	-19,0261	
2358	-18,8272	
2359	-18,4912	
2360	-17,9653	
2361	-17,23	
2362	-16,7082	
2363	-17,0396	
2364	-17,868	
2365	-18,5454	
2366	-18,9962	
2367	-19,2759	
2368	-19,4537	
2369	-19,5754	
2370	-19,658	
2371	-19,728	
2372	-19,7722	
2373	-19,8127	
2374	-19,863	
2375	-19,9072	
2376	-19,9307	
2377	-19,9484	
2378	-19,9687	
2379	-20,0061	
2380	-20,0364	
2381	-20,0372	
2382	-20,0606	
2383	-20,0755	
2384	-20,0981	
2385	-20,1195	
2386	-20,1445	
2387	-20,1628	
2388	-20,1801	
2389	-20,1942	
2390	-20,2098	
2391	-20,2386	
2392	-20,2651	
2393	-20,2753	
2394	-20,278	
2395	-20,3102	
2396	-20,3465	
2397	-20,3692	
2398	-20,3511	
2399	-20,3491	
2400	-20,3362	
2401	-20,3027	
2402	-20,2358	
2403	-20,2336	
2404	-20,2506	
2405	-20,2579	
2406	-20,2948	
2407	-20,3383	
2408	-20,3796	
2409	-20,4051	
2410	-20,4203	
2411	-20,4442	
2412	-20,4657	
2413	-20,4638	
2414	-20,4803	
2415	-20,5182	
2416	-20,5296	
2417	-20,5371	
2418	-20,5463	
2419	-20,5648	
2420	-20,5823	
2421	-20,6051	
2422	-20,6202	
2423	-20,6404	
2424	-20,6627	
2425	-20,6715	
2426	-20,6671	
2427	-20,704	
2428	-20,7183	
2429	-20,7295	
2430	-20,7451	
2431	-20,758	
2432	-20,7842	
2433	-20,8003	
2434	-20,8133	
2435	-20,8282	
2436	-20,8383	
2437	-20,8566	
2438	-20,8705	
2439	-20,885	
2440	-20,903	
2441	-20,9151	
2442	-20,9254	
2443	-20,9418	
2444	-20,9568	
2445	-20,9781	
2446	-20,9923	
2447	-21,0039	
2448	-21,0216	
2449	-21,0272	
2450	-21,048	
2451	-21,0679	
2452	-21,0931	
2453	-21,0967	
2454	-21,1125	
2455	-21,1194	
2456	-21,1471	
2457	-21,1524	
2458	-21,1602	
2459	-21,1807	
2460	-21,2065	
2461	-21,1966	
2462	-21,2227	
2463	-21,2293	
2464	-21,247	
2465	-21,2585	
2466	-21,2793	
2467	-21,2962	
2468	-21,3091	
2469	-21,3214	
2470	-21,3369	
2471	-21,3586	
2472	-21,3556	
2473	-21,3599	
2474	-21,3898	
2475	-21,3968	
2476	-21,4199	
2477	-21,4436	
2478	-21,4626	
2479	-21,4727	
2480	-21,4964	
2481	-21,4939	
2482	-21,5075	
2483	-21,5172	
2484	-21,5499	
2485	-21,5703	
2486	-21,5708	
2487	-21,5684	
2488	-21,5869	
2489	-21,6133	
2490	-21,6256	
2491	-21,6437	
2492	-21,65	
2493	-21,6584	
2494	-21,6906	
2495	-21,6904	
2496	-21,7044	
2497	-21,7312	
2498	-21,7422	
2499	-21,7448	
2500	-21,7598	
2501	-21,7863	
2502	-21,798	
2503	-21,8143	
2504	-21,8263	
2505	-21,833	
2506	-21,8368	
2507	-21,866	
2508	-21,8931	
2509	-21,9164	
2510	-21,9077	
2511	-21,9114	
2512	-21,9213	
2513	-21,9463	
2514	-21,9623	
2515	-21,9706	
2516	-21,9897	
2517	-22,0162	
2518	-22,0175	
2519	-22,028	
2520	-22,0406	
2521	-22,0529	
2522	-22,089	
2523	-22,1113	
2524	-22,1258	
2525	-22,1305	
2526	-22,1356	
2527	-22,1711	
2528	-22,1892	
2529	-22,2036	
2530	-22,2131	
2531	-22,2039	
2532	-22,2198	
2533	-22,2468	
2534	-22,2413	
2535	-22,2653	
2536	-22,289	
2537	-22,3147	
2538	-22,3075	
2539	-22,3281	
2540	-22,3393	
2541	-22,3539	
2542	-22,3881	
2543	-22,3833	
2544	-22,3836	
2545	-22,4077	
2546	-22,4227	
2547	-22,4333	
2548	-22,4428	
2549	-22,4596	
2550	-22,4904	
2551	-22,4875	
2552	-22,4914	
2553	-22,5084	
2554	-22,5408	
2555	-22,5652	
2556	-22,5739	
2557	-22,5719	
2558	-22,5968	
2559	-22,629	
2560	-22,636	
2561	-22,6524	
2562	-22,6595	
2563	-22,6811	
2564	-22,7028	
2565	-22,7047	
2566	-22,7257	
2567	-22,7424	
2568	-22,7496	
2569	-22,7721	
2570	-22,7905	
2571	-22,8014	
2572	-22,8247	
2573	-22,8379	
2574	-22,8513	
2575	-22,8608	
2576	-22,8858	
2577	-22,9044	
2578	-22,9045	
2579	-22,9124	
2580	-22,9414	
2581	-22,9662	
2582	-22,9734	
2583	-22,9797	
2584	-22,999	
2585	-23,0136	
2586	-23,042	
2587	-23,0551	
2588	-23,0651	
2589	-23,0793	
2590	-23,0837	
2591	-23,1132	
2592	-23,1339	
2593	-23,1395	
2594	-23,186	
2595	-23,1846	
2596	-23,1884	
2597	-23,2017	
2598	-23,2255	
2599	-23,2212	
2600	-23,2572	
2601	-23,288	
2602	-23,3044	
2603	-23,3254	
2604	-23,3298	
2605	-23,334	
2606	-23,3336	
2607	-23,3725	
2608	-23,3946	
2609	-23,415	
2610	-23,414	
2611	-23,446	
2612	-23,4317	
2613	-23,4493	
2614	-23,4752	
2615	-23,4977	
2616	-23,5123	
2617	-23,5156	
2618	-23,5215	
2619	-23,5462	
2620	-23,5861	
2621	-23,5945	
2622	-23,6112	
2623	-23,6413	
2624	-23,6624	
2625	-23,6607	
2626	-23,6877	
2627	-23,6882	
2628	-23,7012	
2629	-23,721	
2630	-23,7451	
2631	-23,762	
2632	-23,7773	
2633	-23,7762	
2634	-23,7909	
2635	-23,8251	
2636	-23,8405	
2637	-23,8514	
2638	-23,8611	
2639	-23,8756	
2640	-23,9121	
2641	-23,9365	
2642	-23,961	
2643	-23,9678	
2644	-23,9745	
2645	-24,006	
2646	-24,0103	
2647	-24,0414	
2648	-24,0571	
2649	-24,0658	
2650	-24,0799	
2651	-24,0911	
2652	-24,1211	
2653	-24,1423	
2654	-24,1322	
2655	-24,1451	
2656	-24,158	
2657	-24,1756	
2658	-24,2054	
2659	-24,221	
2660	-24,2403	
2661	-24,2461	
2662	-24,2639	
2663	-24,2997	
2664	-24,3023	
2665	-24,3428	
2666	-24,3251	
2667	-24,3586	
2668	-24,3592	
2669	-24,3848	
2670	-24,3845	
2671	-24,4126	
2672	-24,4332	
2673	-24,4253	
2674	-24,4425	
2675	-24,4336	
2676	-24,4751	
2677	-24,5702	
2678	-24,651	
2679	-24,6922	
2680	-24,6922	
2681	-24,6862	
2682	-24,6672	
2683	-24,7006	
2684	-24,7164	
2685	-24,7359	
2686	-24,7668	
2687	-24,744	
2688	-24,8058	
2689	-24,815	
2690	-24,8195	
2691	-24,8376	
2692	-24,8998	
2693	-24,8831	
2694	-24,9215	
2695	-24,9457	
2696	-24,954	
2697	-24,9969	
2698	-25,0366	
2699	-25,0539	
2700	-25,0748	
2701	-25,0569	
2702	-25,1004	
2703	-25,1565	
2704	-25,1776	
2705	-25,2076	
2706	-25,2092	
2707	-25,2353	
2708	-25,274	
2709	-25,3007	
2710	-25,3272	
2711	-25,36	
2712	-25,4103	
2713	-25,4341	
2714	-25,5349	
2715	-25,5717	
2716	-25,6076	
2717	-25,6677	
2718	-25,7211	
2719	-25,7814	
2720	-25,8442	
2721	-25,9272	
2722	-26,0116	
2723	-26,1427	
2724	-26,3273	
2725	-26,4406	
2726	-26,6506	
2727	-26,9146	
2728	-27,2543	
2729	-27,7292	
2730	-28,4332	
2731	-29,4002	
2732	-30,8584	
2733	-32,1133	
2734	-30,7148	
2735	-27,7153	
2736	-25,822	
2737	-25,0013	
2738	-24,6733	
2739	-24,5472	
2740	-24,5279	
2741	-24,5468	
2742	-24,6056	
2743	-24,6583	
2744	-24,6897	
2745	-24,7562	
2746	-24,8228	
2747	-24,8478	
2748	-24,9046	
2749	-24,9359	
2750	-24,9813	
2751	-25,0208	
2752	-25,0729	
2753	-25,0795	
2754	-25,1271	
2755	-25,1641	
2756	-25,1907	
2757	-25,2506	
2758	-25,2683	
2759	-25,3118	
2760	-25,332	
2761	-25,3552	
2762	-25,3702	
2763	-25,4037	
2764	-25,4278	
2765	-25,4334	
2766	-25,4633	
2767	-25,5076	
2768	-25,5336	
2769	-25,533	
2770	-25,5474	
2771	-25,5982	
2772	-25,5893	
2773	-25,6503	
2774	-25,6538	
2775	-25,6682	
2776	-25,7082	
2777	-25,727	
2778	-25,7611	
2779	-25,7639	
2780	-25,8141	
2781	-25,8559	
2782	-25,857	
2783	-25,8922	
2784	-25,8954	
2785	-25,946	
2786	-25,9468	
2787	-25,9476	
2788	-25,9545	
2789	-26,0042	
2790	-25,987	
2791	-26,0136	
2792	-26,0193	
2793	-26,0369	
2794	-26,1041	
2795	-26,0824	
2796	-26,1314	
2797	-26,1742	
2798	-26,1784	
2799	-26,2036	
2800	-26,2499	
2801	-26,2616	
2802	-26,2566	
2803	-26,2663	
2804	-26,3016	
2805	-26,329	
2806	-26,3428	
2807	-26,3404	
2808	-26,3746	
2809	-26,4269	
2810	-26,457	
2811	-26,4836	
2812	-26,4973	
2813	-26,546	
2814	-26,5208	
2815	-26,5342	
2816	-26,5362	
2817	-26,5802	
2818	-26,614	
2819	-26,6028	
2820	-26,5988	
2821	-26,6467	
2822	-26,692	
2823	-26,7115	
2824	-26,7319	
2825	-26,7397	
2826	-26,7895	
2827	-26,788	
2828	-26,7779	
2829	-26,8385	
2830	-26,8423	
2831	-26,8729	
2832	-26,8805	
2833	-26,9022	
2834	-26,9338	
2835	-26,9539	
2836	-27,0021	
2837	-27,0112	
2838	-27,0097	
2839	-27,0543	
2840	-27,0998	
2841	-27,0748	
2842	-27,0999	
2843	-27,1377	
2844	-27,1282	
2845	-27,191	
2846	-27,2117	
2847	-27,2125	
2848	-27,2568	
2849	-27,2665	
2850	-27,2793	
2851	-27,3116	
2852	-27,3166	
2853	-27,3483	
2854	-27,3699	
2855	-27,3924	
2856	-27,4204	
2857	-27,4185	
2858	-27,4699	
2859	-27,4849	
2860	-27,5017	
2861	-27,5201	
2862	-27,5499	
2863	-27,5786	
2864	-27,6205	
2865	-27,6143	
2866	-27,6261	
2867	-27,6748	
2868	-27,6884	
2869	-27,706	
2870	-27,729	
2871	-27,7862	
2872	-27,8217	
2873	-27,8428	
2874	-27,8577	
2875	-27,8682	
2876	-27,8939	
2877	-27,8836	
2878	-27,9216	
2879	-27,9253	
2880	-27,9561	
2881	-27,996	
2882	-27,9982	
2883	-28,0762	
2884	-28,1143	
2885	-28,1238	
2886	-28,1463	
2887	-28,1657	
2888	-28,1752	
2889	-28,2206	
2890	-28,2227	
2891	-28,2187	
2892	-28,2453	
2893	-28,3064	
2894	-28,3265	
2895	-28,3351	
2896	-28,3773	
2897	-28,4142	
2898	-28,4375	
2899	-28,4312	
2900	-28,4661	
2901	-28,5102	
2902	-28,5192	
2903	-28,5299	
2904	-28,5942	
2905	-28,6503	
2906	-28,635	
2907	-28,6235	
2908	-28,6758	
2909	-28,6931	
2910	-28,7556	
2911	-28,7481	
2912	-28,8013	
2913	-28,8088	
2914	-28,8334	
2915	-28,8801	
2916	-28,8875	
2917	-28,9546	
2918	-29,0049	
2919	-28,966	
2920	-28,9942	
2921	-28,9847	
2922	-29,041	
2923	-29,0636	
2924	-29,1611	
2925	-29,1633	
2926	-29,2314	
2927	-29,2295	
2928	-29,2064	
2929	-29,2687	
2930	-29,3069	
2931	-29,2998	
2932	-29,3376	
2933	-29,3439	
2934	-29,4329	
2935	-29,4621	
2936	-29,4756	
2937	-29,4564	
2938	-29,5114	
2939	-29,5363	
2940	-29,6032	
2941	-29,5815	
2942	-29,6145	
2943	-29,6483	
2944	-29,7072	
2945	-29,7315	
2946	-29,741	
2947	-29,7928	
2948	-29,8389	
2949	-29,852	
2950	-29,8858	
2951	-29,9492	
2952	-29,9351	
2953	-29,943	
2954	-29,9798	
2955	-29,9988	
2956	-30,0519	
2957	-30,0643	
2958	-30,0944	
2959	-30,1613	
2960	-30,2166	
2961	-30,2106	
2962	-30,2297	
2963	-30,2772	
2964	-30,3197	
2965	-30,3294	
2966	-30,3135	
2967	-30,3428	
2968	-30,4083	
2969	-30,4779	
2970	-30,5227	
2971	-30,5055	
2972	-30,5848	
2973	-30,587	
2974	-30,6281	
2975	-30,6384	
2976	-30,7404	
2977	-30,7334	
2978	-30,7648	
2979	-30,803	
2980	-30,8306	
2981	-30,8619	
2982	-30,844	
2983	-30,8899	
2984	-30,9356	
2985	-30,949	
2986	-30,9674	
2987	-31,0195	
2988	-31,0802	
2989	-31,1157	
2990	-31,1008	
2991	-31,1486	
2992	-31,2352	
2993	-31,2938	
2994	-31,3048	
2995	-31,2813	
2996	-31,3147	
2997	-31,3566	
2998	-31,4244	
2999	-31,4365	
3000	-31,4838	
3001	-31,5386	
3002	-31,5474	
3003	-31,5931	
3004	-31,6009	
3005	-31,6977	
3006	-31,734	
3007	-31,7244	
3008	-31,7701	
3009	-31,817	
3010	-31,8533	
3011	-31,8503	
3012	-31,9158	
3013	-31,9998	
3014	-32,0857	
3015	-32,0511	
3016	-32,1019	
3017	-32,1599	
3018	-32,2643	
3019	-32,2657	
3020	-32,2972	
3021	-32,2764	
3022	-32,2436	
3023	-32,2457	
3024	-32,2964	
3025	-32,4674	
3026	-32,5557	
3027	-32,5743	
3028	-32,5591	
3029	-32,5865	
3030	-32,6771	
3031	-32,7252	
3032	-32,7227	
3033	-32,8022	
3034	-32,8254	
3035	-32,8873	
3036	-32,8909	
3037	-32,9485	
3038	-32,967	
3039	-33,0293	
3040	-33,0738	
3041	-33,0851	
3042	-33,1255	
3043	-33,1638	
3044	-33,2853	
3045	-33,3516	
3046	-33,4107	
3047	-33,4694	
3048	-33,5085	
3049	-33,5133	
3050	-33,5646	
3051	-33,593	
3052	-33,6525	
3053	-33,8018	
3054	-33,8959	
3055	-33,9514	
3056	-33,9964	
3057	-33,9417	
3058	-34,002	
3059	-33,994	
3060	-34,0191	
3061	-34,1144	
3062	-34,0927	
3063	-34,1995	
3064	-34,1699	
3065	-34,215	
3066	-34,2377	
3067	-34,3455	
3068	-34,4133	
3069	-34,5168	
3070	-34,4777	
3071	-34,56	
3072	-34,5845	
3073	-34,7257	
3074	-34,8672	
3075	-34,8534	
3076	-34,8517	
3077	-34,9097	
3078	-35,0499	
3079	-35,102	
3080	-35,1848	
3081	-35,2233	
3082	-35,213	
3083	-35,3758	
3084	-35,3756	
3085	-35,4131	
3086	-35,5013	
3087	-35,5353	
3088	-35,5674	
3089	-35,6584	
3090	-35,6837	
3091	-35,6878	
3092	-35,8901	
3093	-35,9212	
3094	-36,0353	
3095	-36,091	
3096	-36,1284	
3097	-36,2706	
3098	-36,3573	
3099	-36,3965	
3100	-36,3709	
3101	-36,4238	
3102	-36,4529	
3103	-36,6673	
3104	-36,6951	
3105	-36,8648	
3106	-37,018	
3107	-36,9272	
3108	-36,9603	
3109	-37,1161	
3110	-37,3012	
3111	-37,2958	
3112	-37,392	
3113	-37,2962	
3114	-37,5014	
3115	-37,6891	
3116	-37,7645	
3117	-37,8209	
3118	-37,8464	
3119	-37,9704	
3120	-38,0475	
3121	-38,1489	
3122	-38,2769	
3123	-38,3041	
3124	-38,4135	
3125	-38,5486	
3126	-38,621	
3127	-38,7348	
3128	-38,7491	
3129	-39,0037	
3130	-39,0704	
3131	-39,1578	
3132	-39,2965	
3133	-39,3177	
3134	-39,493	
3135	-39,4126	
3136	-39,4238	
3137	-39,6388	
3138	-39,8707	
3139	-39,8592	
3140	-39,9855	
3141	-40,0426	
3142	-40,2535	
3143	-40,154	
3144	-40,36	
3145	-40,6196	
3146	-40,6993	
3147	-40,8609	
3148	-41,0572	
3149	-41,1795	
3150	-41,3763	
3151	-41,4317	
3152	-41,6091	
3153	-41,5216	
3154	-41,5346	
3155	-41,8515	
3156	-42,2348	
3157	-42,3401	
3158	-42,5031	
3159	-42,5586	
3160	-42,6852	
3161	-42,8896	
3162	-43,0161	
3163	-43,2083	
3164	-43,1991	
3165	-43,5053	
3166	-43,8558	
3167	-44,1645	
3168	-44,1504	
3169	-44,02	
3170	-44,2292	
3171	-44,3218	
3172	-44,6639	
3173	-45,0089	
3174	-45,1766	
3175	-45,7993	
3176	-45,9508	
3177	-45,9629	
3178	-46,3683	
3179	-46,449	
3180	-46,7749	
3181	-47,0011	
3182	-47,6149	
3183	-47,783	
3184	-47,8356	
3185	-47,7219	
3186	-48,3698	
3187	-48,7193	
3188	-48,8598	
3189	-49,1663	
3190	-49,7209	
3191	-50,218	
3192	-50,7536	
3193	-50,7367	
3194	-51,5616	
3195	-51,3349	
3196	-51,5703	
3197	-52,0999	
3198	-53,1967	
3199	-53,5914	
3200	-53,718	
3201	-54,9957	
3202	-55,7523	
3203	-55,9893	
3204	-56,7641	
3205	-58,582	
3206	-58,4214	
3207	-57,4383	
3208	-59,4609	
3209	-60,3664	
3210	-60,1953	
3211	-60,5593	
3212	-61,349	
3213	-64,5401	
3214	-62,8585	
3215	-65,8494	
3216	-64,2511	
3217	-65,0904	
3218	-65,1167	
3219	-61,4113	
3220	-59,7252	
3221	-56,9696	
3222	-52,9421	
3223	-50,2827	
3224	-46,8995	
3225	-43,767	
3226	-42,0829	
3227	-41,986	
3228	-42,3637	
3229	-42,5785	
3230	-42,875	
3231	-43,2009	
3232	-43,7391	
3233	-43,9994	
3234	-43,9912	
3235	-44,3124	
3236	-44,3977	
3237	-44,4166	
3238	-44,4686	
3239	-44,6752	
3240	-44,507	
3241	-44,1702	
3242	-44,025	
3243	-43,962	
3244	-43,8738	
3245	-43,8512	
3246	-43,7574	
3247	-43,3649	
3248	-42,9171	
3249	-43,0968	
3250	-43,2551	
3251	-42,9439	
3252	-42,7674	
3253	-42,4793	
3254	-42,3473	
3255	-42,2724	
3256	-42,0751	
3257	-41,9772	
3258	-41,6814	
3259	-41,4514	
3260	-41,5026	
3261	-41,2694	
3262	-41,037	
3263	-40,9719	
3264	-40,7314	
3265	-40,7339	
3266	-40,5558	
3267	-40,3116	
3268	-40,3519	
3269	-40,052	
3270	-40,1352	
3271	-40,0648	
3272	-39,87	
3273	-39,7128	
3274	-39,4332	
3275	-39,3839	
3276	-39,2223	
3277	-39,0685	
3278	-38,9909	
3279	-38,8765	
3280	-38,677	
3281	-38,5893	
3282	-38,336	
3283	-38,2539	
3284	-38,2446	
3285	-38,041	
3286	-37,9911	
3287	-37,7538	
3288	-37,9219	
3289	-37,7192	
3290	-37,4114	
3291	-37,4483	
3292	-37,2659	
3293	-37,1495	
3294	-37,0141	
3295	-36,9831	
3296	-36,7666	
3297	-36,5893	
3298	-36,559	
3299	-36,429	
3300	-36,3488	
3301	-36,2548	
3302	-36,1435	
3303	-36,0354	
3304	-35,9459	
3305	-35,7256	
3306	-35,626	
3307	-35,6352	
3308	-35,5993	
3309	-35,4225	
3310	-35,3716	
3311	-35,2383	
3312	-35,0528	
3313	-34,9032	
3314	-34,7963	
3315	-34,7239	
3316	-34,6006	
3317	-34,4207	
3318	-34,2867	
3319	-34,2019	
3320	-34,0717	
3321	-33,8585	
3322	-33,6586	
3323	-33,4403	
3324	-33,2953	
3325	-32,9791	
3326	-32,6242	
3327	-32,2734	
3328	-31,9316	
3329	-31,3944	
3330	-30,8696	
3331	-30,207	
3332	-29,3501	
3333	-28,2534	
3334	-26,9213	
3335	-25,3513	
3336	-23,7571	
3337	-22,8112	
3338	-23,2212	
3339	-24,6542	
3340	-26,2507	
3341	-27,5562	
3342	-28,5261	
3343	-29,2514	
3344	-29,8971	
3345	-30,341	
3346	-30,6185	
3347	-30,8415	
3348	-31,0058	
3349	-31,1089	
3350	-31,2161	
3351	-31,278	
3352	-31,3437	
3353	-31,395	
3354	-31,3661	
3355	-31,3665	
3356	-31,4245	
3357	-31,3755	
3358	-31,2599	
3359	-31,2715	
3360	-31,2731	
3361	-31,2343	
3362	-31,1412	
3363	-31,0194	
3364	-31,06	
3365	-31,0167	
3366	-30,9639	
3367	-30,9038	
3368	-30,8624	
3369	-30,7992	
3370	-30,7274	
3371	-30,7036	
3372	-30,6088	
3373	-30,6198	
3374	-30,5779	
3375	-30,4825	
3376	-30,3821	
3377	-30,3164	
3378	-30,3046	
3379	-30,1692	
3380	-30,1693	
3381	-30,185	
3382	-30,0886	
3383	-30,0205	
3384	-29,911	
3385	-29,8676	
3386	-29,8581	
3387	-29,745	
3388	-29,7288	
3389	-29,5982	
3390	-29,5806	
3391	-29,4773	
3392	-29,5099	
3393	-29,3862	
3394	-29,3999	
3395	-29,3167	
3396	-29,2315	
3397	-29,2138	
3398	-29,1452	
3399	-29,0929	
3400	-29,0036	
3401	-28,8184	
3402	-28,7763	
3403	-28,7865	
3404	-28,7051	
3405	-28,6544	
3406	-28,6242	
3407	-28,5895	
3408	-28,5072	
3409	-28,5054	
3410	-28,4178	
3411	-28,3569	
3412	-28,3159	
3413	-28,2875	
3414	-28,2305	
3415	-28,1917	
3416	-28,0725	
3417	-28,0231	
3418	-27,9659	
3419	-27,9668	
3420	-27,8632	
3421	-27,8114	
3422	-27,8072	
3423	-27,7495	
3424	-27,7079	
3425	-27,6314	
3426	-27,5937	
3427	-27,564	
3428	-27,4972	
3429	-27,4142	
3430	-27,3597	
3431	-27,3285	
3432	-27,27	
3433	-27,197	
3434	-27,1557	
3435	-27,1587	
3436	-27,0902	
3437	-27,0247	
3438	-26,9563	
3439	-26,9216	
3440	-26,8795	
3441	-26,8066	
3442	-26,8054	
3443	-26,7558	
3444	-26,6431	
3445	-26,6265	
3446	-26,5706	
3447	-26,5107	
3448	-26,469	
3449	-26,4074	
3450	-26,3347	
3451	-26,3168	
3452	-26,2387	
3453	-26,2076	
3454	-26,1609	
3455	-26,1033	
3456	-26,0796	
3457	-26,0317	
3458	-26,0228	
3459	-25,9361	
3460	-25,8796	
3461	-25,8303	
3462	-25,7724	
3463	-25,7187	
3464	-25,696	
3465	-25,634	
3466	-25,578	
3467	-25,5695	
3468	-25,5179	
3469	-25,429	
3470	-25,3951	
3471	-25,4034	
3472	-25,3623	
3473	-25,26	
3474	-25,2168	
3475	-25,1924	
3476	-25,1075	
3477	-25,0828	
3478	-25,0317	
3479	-25,0061	
3480	-24,9641	
3481	-24,9144	
3482	-24,8492	
3483	-24,7967	
3484	-24,7937	
3485	-24,7071	
3486	-24,6854	
3487	-24,6277	
3488	-24,5515	
3489	-24,5306	
3490	-24,4798	
3491	-24,4066	
3492	-24,3699	
3493	-24,3355	
3494	-24,2965	
3495	-24,2277	
3496	-24,1826	
3497	-24,1591	
3498	-24,1226	
3499	-24,1048	
3500	-24,0324	
3501	-24,009	
3502	-23,956	
3503	-23,8812	
3504	-23,8526	
3505	-23,8139	
3506	-23,7584	
3507	-23,727	
3508	-23,6648	
3509	-23,6262	
3510	-23,5896	
3511	-23,5668	
3512	-23,5424	
3513	-23,4606	
3514	-23,4425	
3515	-23,3872	
3516	-23,322	
3517	-23,2955	
3518	-23,2464	
3519	-23,2052	
3520	-23,1403	
3521	-23,129	
3522	-23,0852	
3523	-23,0513	
3524	-23,0135	
3525	-22,9517	
3526	-22,8843	
3527	-22,838	
3528	-22,8086	
3529	-22,7833	
3530	-22,7503	
3531	-22,7009	
3532	-22,6532	
3533	-22,6155	
3534	-22,5746	
3535	-22,5302	
3536	-22,4778	
3537	-22,4415	
3538	-22,4088	
3539	-22,3357	
3540	-22,3085	
3541	-22,2385	
3542	-22,2089	
3543	-22,157	
3544	-22,1351	
3545	-22,0936	
3546	-22,0575	
3547	-22,0168	
3548	-21,9551	
3549	-21,9	
3550	-21,8866	
3551	-21,8356	
3552	-21,7982	
3553	-21,7684	
3554	-21,736	
3555	-21,6927	
3556	-21,6455	
3557	-21,5715	
3558	-21,553	
3559	-21,4949	
3560	-21,4755	
3561	-21,4389	
3562	-21,3944	
3563	-21,3502	
3564	-21,3081	
3565	-21,2644	
3566	-21,1923	
3567	-21,1529	
3568	-21,129	
3569	-21,0703	
3570	-21,0555	
3571	-21,0008	
3572	-20,9568	
3573	-20,925	
3574	-20,8885	
3575	-20,8192	
3576	-20,7911	
3577	-20,7452	
3578	-20,7071	
3579	-20,6676	
3580	-20,656	
3581	-20,5915	
3582	-20,5286	
3583	-20,4844	
3584	-20,4446	
3585	-20,4226	
3586	-20,3823	
3587	-20,3259	
3588	-20,2882	
3589	-20,2659	
3590	-20,2068	
3591	-20,1681	
3592	-20,139	
3593	-20,0835	
3594	-20,0441	
3595	-19,9933	
3596	-19,9662	
3597	-19,9415	
3598	-19,8805	
3599	-19,8476	
3600	-19,808	
3601	-19,7698	
3602	-19,7131	
3603	-19,6628	
3604	-19,6179	
3605	-19,5989	
3606	-19,5567	
3607	-19,5016	
3608	-19,4552	
3609	-19,4389	
3610	-19,3823	
3611	-19,3465	
3612	-19,3089	
3613	-19,2509	
3614	-19,2319	
3615	-19,173	
3616	-19,1397	
3617	-19,0914	
3618	-19,0525	
3619	-19,0143	
3620	-18,9679	
3621	-18,9278	
3622	-18,8653	
3623	-18,8435	
3624	-18,806	
3625	-18,7592	
3626	-18,7189	
3627	-18,6731	
3628	-18,6399	
3629	-18,5972	
3630	-18,5413	
3631	-18,4951	
3632	-18,4669	
3633	-18,4339	
3634	-18,3995	
3635	-18,3391	
3636	-18,3007	
3637	-18,2569	
3638	-18,2262	
3639	-18,1801	
3640	-18,1367	
3641	-18,088	
3642	-18,0515	
3643	-18,0147	
3644	-17,9613	
3645	-17,9314	
3646	-17,8777	
3647	-17,8378	
3648	-17,7996	
3649	-17,7752	
3650	-17,7382	
3651	-17,7072	
3652	-17,6578	
3653	-17,5805	
3654	-17,5343	
3655	-17,4723	
3656	-17,4483	
3657	-17,3939	
3658	-17,3627	
3659	-17,3193	
3660	-17,2733	
3661	-17,227	
3662	-17,1887	
3663	-17,1564	
3664	-17,1264	
3665	-17,0941	
3666	-17,0356	
3667	-16,9858	
3668	-16,9505	
3669	-16,9019	
3670	-16,8661	
3671	-16,8064	
3672	-16,7563	
3673	-16,7294	
3674	-16,6926	
3675	-16,6452	
3676	-16,5849	
3677	-16,5494	
3678	-16,5279	
3679	-16,4686	
3680	-16,4332	
3681	-16,3859	
3682	-16,3409	
3683	-16,3073	
3684	-16,2579	
3685	-16,214	
3686	-16,1687	
3687	-16,1359	
3688	-16,0888	
3689	-16,0341	
3690	-16,0003	
3691	-15,9512	
3692	-15,9123	
3693	-15,8597	
3694	-15,8216	
3695	-15,779	
3696	-15,7322	
3697	-15,6982	
3698	-15,6545	
3699	-15,6107	
3700	-15,5632	
3701	-15,5182	
3702	-15,4771	
3703	-15,428	
3704	-15,3917	
3705	-15,345	
3706	-15,3008	
3707	-15,264	
3708	-15,2109	
3709	-15,1528	
3710	-15,1168	
3711	-15,0808	
3712	-15,0432	
3713	-14,9861	
3714	-14,9439	
3715	-14,8761	
3716	-14,7995	
3717	-14,772	
3718	-14,7445	
3719	-14,7114	
3720	-14,6797	
3721	-14,6269	
3722	-14,5932	
3723	-14,5511	
3724	-14,5053	
3725	-14,4575	
3726	-14,4171	
3727	-14,3704	
3728	-14,3235	
3729	-14,2814	
3730	-14,2307	
3731	-14,1873	
3732	-14,1354	
3733	-14,092	
3734	-14,0513	
3735	-14,0035	
3736	-13,9638	
3737	-13,9202	
3738	-13,8813	
3739	-13,8378	
3740	-13,7884	
3741	-13,7476	
3742	-13,7005	
3743	-13,6464	
3744	-13,6041	
3745	-13,5579	
3746	-13,5143	
3747	-13,4609	
3748	-13,3981	
3749	-13,3608	
3750	-13,3164	
3751	-13,2746	
3752	-13,2262	
3753	-13,1815	
3754	-13,1342	
3755	-13,0863	
3756	-13,0489	
3757	-12,9985	
3758	-12,9464	
3759	-12,9008	
3760	-12,8583	
3761	-12,8101	
3762	-12,7603	
3763	-12,7167	
3764	-12,6641	
3765	-12,6206	
3766	-12,5664	
3767	-12,5242	
3768	-12,4737	
3769	-12,4294	
3770	-12,378	
3771	-12,3371	
3772	-12,2866	
3773	-12,2357	
3774	-12,1803	
3775	-12,1453	
3776	-12,0883	
3777	-12,043	
3778	-11,9881	
3779	-11,9405	
3780	-11,8964	
3781	-11,8451	
3782	-11,7983	
3783	-11,7402	
3784	-11,6955	
3785	-11,6479	
3786	-11,5995	
3787	-11,5525	
3788	-11,4919	
3789	-11,4438	
3790	-11,4014	
3791	-11,3467	
3792	-11,2979	
3793	-11,2401	
3794	-11,1946	
3795	-11,143	
3796	-11,0869	
3797	-11,0373	
3798	-10,9883	
3799	-10,9359	
3800	-10,8818	
3801	-10,8323	
3802	-10,7802	
3803	-10,725	
3804	-10,6744	
3805	-10,624	
3806	-10,5667	
3807	-10,5214	
3808	-10,4652	
3809	-10,4096	
3810	-10,3525	
3811	-10,3088	
3812	-10,2504	
3813	-10,2029	
3814	-10,1417	
3815	-10,09	
3816	-10,0319	
3817	-9,9692	
3818	-9,91233	
3819	-9,86372	
3820	-9,80661	
3821	-9,75525	
3822	-9,70388	
3823	-9,63979	
3824	-9,58849	
3825	-9,52928	
3826	-9,47304	
3827	-9,41647	
3828	-9,362	
3829	-9,30551	
3830	-9,24813	
3831	-9,18834	
3832	-9,13036	
3833	-9,07538	
3834	-9,01301	
3835	-8,9502	
3836	-8,89666	
3837	-8,83384	
3838	-8,7842	
3839	-8,72275	
3840	-8,66082	
3841	-8,6086	
3842	-8,5411	
3843	-8,48107	
3844	-8,41924	
3845	-8,35731	
3846	-8,30203	
3847	-8,24031	
3848	-8,18055	
3849	-8,11503	
3850	-8,05441	
3851	-7,99438	
3852	-7,92481	
3853	-7,86671	
3854	-7,80242	
3855	-7,73733	
3856	-7,67138	
3857	-7,61026	
3858	-7,54874	
3859	-7,48652	
3860	-7,41641	
3861	-7,35088	
3862	-7,29123	
3863	-7,22759	
3864	-7,16342	
3865	-7,09474	
3866	-7,02613	
3867	-6,95743	
3868	-6,89063	
3869	-6,82984	
3870	-6,76273	
3871	-6,69504	
3872	-6,62704	
3873	-6,55566	
3874	-6,48144	
3875	-6,41087	
3876	-6,33839	
3877	-6,26707	
3878	-6,19812	
3879	-6,13451	
3880	-6,05626	
3881	-5,98853	
3882	-5,91898	
3883	-5,84693	
3884	-5,77582	
3885	-5,7028	
3886	-5,62881	
3887	-5,55626	
3888	-5,47688	
3889	-5,40483	
3890	-5,32934	
3891	-5,2583	
3892	-5,1792	
3893	-5,1034	
3894	-5,02862	
3895	-4,95267	
3896	-4,87519	
3897	-4,79893	
3898	-4,71718	
3899	-4,63861	
3900	-4,55908	
3901	-4,48217	
3902	-4,40262	
3903	-4,31936	
3904	-4,23975	
3905	-4,15753	
3906	-4,07424	
3907	-3,99263	
3908	-3,91021	
3909	-3,82711	
3910	-3,74432	
3911	-3,66021	
3912	-3,57302	
3913	-3,48713	
3914	-3,4011	
3915	-3,31529	
3916	-3,22772	
3917	-3,1367	
3918	-3,04877	
3919	-2,9608	
3920	-2,86947	
3921	-2,77703	
3922	-2,68613	
3923	-2,59756	
3924	-2,5049	
3925	-2,40845	
3926	-2,30919	
3927	-2,21784	
3928	-2,12193	
3929	-2,02157	
3930	-1,92147	
3931	-1,82392	
3932	-1,72439	
3933	-1,62215	
3934	-1,51953	
3935	-1,41538	
3936	-1,31407	
3937	-1,21188	
3938	-1,11002	
3939	-1,00431	
3940	-0,89569	
3941	-0,784321	
3942	-0,676727	
3943	-0,567548	
3944	-0,455169	
3945	-0,342096	
3946	-0,229372	
3947	-0,114323	
3948	0,00313599	
3949	0,118228	
3950	0,237518	
3951	0,356925	
3952	0,480013	
3953	0,599706	
3954	0,724793	
3955	0,851176	
3956	0,978993	
3957	1,10771	
3958	1,237	
3959	1,36904	
3960	1,50211	
3961	1,63887	
3962	1,7758	
3963	1,91366	
3964	2,05599	
3965	2,19921	
3966	2,34288	
3967	2,49097	
3968	2,63895	
3969	2,78872	
3970	2,94247	
3971	3,09594	
3972	3,25466	
3973	3,41454	
3974	3,57742	
3975	3,74284	
3976	3,91058	
3977	4,08332	
3978	4,25658	
3979	4,43359	
3980	4,61521	
3981	4,79953	
3982	4,98741	
3983	5,17947	
3984	5,37582	
3985	5,57488	
3986	5,77842	
3987	5,98693	
3988	6,19871	
3989	6,41542	
3990	6,6362	
3991	6,86179	
3992	7,09265	
3993	7,33012	
3994	7,57357	
3995	7,82427	
3996	8,08133	
3997	8,34499	
3998	8,61796	
3999	8,89902	
4000	9,18848	
