Frekvenca [Hz] - Frekv. prenosna funkcija	Amplituda frekv. prenosne funkcije [m/s^2/N] - Frekv. prenosna funkcija	
0	-23,9007	
1	-30,0386	
2	-24,799	
3	-21,221	
4	-23,9279	
5	-24,4214	
6	-24,3586	
7	-24,2884	
8	-24,3434	
9	-24,344	
10	-24,3728	
11	-24,5461	
12	-24,8055	
13	-23,565	
14	-21,8947	
15	-22,3612	
16	-22,7261	
17	-22,9273	
18	-23,104	
19	-23,1794	
20	-23,2469	
21	-23,2969	
22	-23,3212	
23	-23,3477	
24	-23,3785	
25	-23,4263	
26	-23,4193	
27	-23,4069	
28	-23,4245	
29	-23,4526	
30	-23,4437	
31	-23,4844	
32	-23,5	
33	-23,4959	
34	-23,5115	
35	-23,5406	
36	-23,5594	
37	-23,5784	
38	-23,5968	
39	-23,5527	
40	-23,5068	
41	-23,4947	
42	-23,4759	
43	-23,4774	
44	-23,5019	
45	-23,5376	
46	-23,5525	
47	-23,5599	
48	-23,5681	
49	-23,5925	
50	-23,6021	
51	-23,6291	
52	-23,642	
53	-23,6541	
54	-23,6415	
55	-23,6623	
56	-23,6575	
57	-23,6842	
58	-23,685	
59	-23,6911	
60	-23,7086	
61	-23,6985	
62	-23,7033	
63	-23,703	
64	-23,7121	
65	-23,7288	
66	-23,7457	
67	-23,7605	
68	-23,7509	
69	-23,7661	
70	-23,7693	
71	-23,7702	
72	-23,7863	
73	-23,7964	
74	-23,7893	
75	-23,7974	
76	-23,7903	
77	-23,7871	
78	-23,8156	
79	-23,8176	
80	-23,8185	
81	-23,8303	
82	-23,8163	
83	-23,8259	
84	-23,8434	
85	-23,8494	
86	-23,8485	
87	-23,8483	
88	-23,8526	
89	-23,8529	
90	-23,8604	
91	-23,869	
92	-23,8554	
93	-23,8668	
94	-23,8645	
95	-23,8777	
96	-23,8757	
97	-23,8674	
98	-23,8705	
99	-23,8775	
100	-23,8579	
101	-23,8702	
102	-23,8729	
103	-23,8699	
104	-23,8717	
105	-23,8751	
106	-23,8699	
107	-23,8503	
108	-23,866	
109	-23,8676	
110	-23,8797	
111	-23,8624	
112	-23,8564	
113	-23,8542	
114	-23,8436	
115	-23,8315	
116	-23,8211	
117	-23,8215	
118	-23,7883	
119	-23,7686	
120	-23,7686	
121	-23,7564	
122	-23,7617	
123	-23,7544	
124	-23,7324	
125	-23,7119	
126	-23,7135	
127	-23,694	
128	-23,6894	
129	-23,6845	
130	-23,6718	
131	-23,6423	
132	-23,634	
133	-23,6296	
134	-23,5891	
135	-23,578	
136	-23,5686	
137	-23,5344	
138	-23,5166	
139	-23,4985	
140	-23,4809	
141	-23,4605	
142	-23,4386	
143	-23,4317	
144	-23,4025	
145	-23,3843	
146	-23,3623	
147	-23,3406	
148	-23,3301	
149	-23,3114	
150	-23,2933	
151	-23,2655	
152	-23,2396	
153	-23,2274	
154	-23,1995	
155	-23,1844	
156	-23,1429	
157	-23,1168	
158	-23,0945	
159	-23,0612	
160	-23,0271	
161	-22,9932	
162	-22,9616	
163	-22,9187	
164	-22,8851	
165	-22,8577	
166	-22,8105	
167	-22,7691	
168	-22,7279	
169	-22,6957	
170	-22,652	
171	-22,6068	
172	-22,5526	
173	-22,5094	
174	-22,4593	
175	-22,4154	
176	-22,3609	
177	-22,3087	
178	-22,2419	
179	-22,1765	
180	-22,1319	
181	-22,0663	
182	-22,0016	
183	-21,9399	
184	-21,8742	
185	-21,8002	
186	-21,7305	
187	-21,6517	
188	-21,577	
189	-21,4841	
190	-21,4003	
191	-21,3013	
192	-21,2168	
193	-21,1159	
194	-21,0121	
195	-20,8955	
196	-20,7887	
197	-20,6576	
198	-20,5226	
199	-20,3839	
200	-20,2358	
201	-20,0906	
202	-19,9225	
203	-19,7493	
204	-19,5531	
205	-19,3409	
206	-19,1184	
207	-18,8732	
208	-18,6155	
209	-18,3374	
210	-18,0262	
211	-17,6861	
212	-17,3337	
213	-16,8977	
214	-16,5028	
215	-15,9411	
216	-15,3888	
217	-14,6789	
218	-13,8838	
219	-12,9557	
220	-11,8267	
221	-10,3721	
222	-8,55967	
223	-5,96433	
224	-1,82821	
225	5,61906	
226	3,42214	
227	-4,03037	
228	-8,73552	
229	-12,3463	
230	-14,7943	
231	-16,8753	
232	-19,1231	
233	-21,1144	
234	-22,7556	
235	-24,4671	
236	-26,3874	
237	-27,9931	
238	-29,6545	
239	-32,0434	
240	-33,9647	
241	-35,9127	
242	-38,9195	
243	-42,1852	
244	-47,1552	
245	-56,0029	
246	-57,8526	
247	-47,9727	
248	-44,3669	
249	-41,7942	
250	-40,2802	
251	-38,7394	
252	-37,7509	
253	-36,7701	
254	-35,9923	
255	-35,3713	
256	-34,7952	
257	-34,3489	
258	-33,9175	
259	-33,4399	
260	-33,0352	
261	-32,6785	
262	-32,328	
263	-32,0689	
264	-31,7659	
265	-31,5101	
266	-31,2829	
267	-31,0787	
268	-30,9118	
269	-30,715	
270	-30,5526	
271	-30,4104	
272	-30,2448	
273	-30,105	
274	-29,9671	
275	-29,8667	
276	-29,7515	
277	-29,6248	
278	-29,518	
279	-29,4369	
280	-29,3345	
281	-29,2198	
282	-29,1367	
283	-29,0682	
284	-29,0009	
285	-28,9076	
286	-28,8407	
287	-28,7741	
288	-28,7443	
289	-28,657	
290	-28,6057	
291	-28,5611	
292	-28,4868	
293	-28,4322	
294	-28,3857	
295	-28,3407	
296	-28,2757	
297	-28,219	
298	-28,1896	
299	-28,1622	
300	-28,114	
301	-28,0696	
302	-28,0208	
303	-27,978	
304	-27,9414	
305	-27,9187	
306	-27,8791	
307	-27,859	
308	-27,8177	
309	-27,8075	
310	-27,7475	
311	-27,727	
312	-27,6889	
313	-27,6693	
314	-27,6537	
315	-27,6168	
316	-27,584	
317	-27,5659	
318	-27,5367	
319	-27,5158	
320	-27,4879	
321	-27,4693	
322	-27,4378	
323	-27,4072	
324	-27,3987	
325	-27,3928	
326	-27,3718	
327	-27,3614	
328	-27,3406	
329	-27,3208	
330	-27,2991	
331	-27,2828	
332	-27,2701	
333	-27,244	
334	-27,2177	
335	-27,218	
336	-27,198	
337	-27,2034	
338	-27,1928	
339	-27,1666	
340	-27,1693	
341	-27,1497	
342	-27,1519	
343	-27,1267	
344	-27,131	
345	-27,1155	
346	-27,1136	
347	-27,135	
348	-27,1284	
349	-27,1385	
350	-27,1448	
351	-27,1486	
352	-27,1677	
353	-27,2322	
354	-27,3254	
355	-27,4028	
356	-27,4845	
357	-27,4624	
358	-27,3662	
359	-27,2531	
360	-27,1789	
361	-27,1179	
362	-27,0531	
363	-27,003	
364	-26,9465	
365	-26,9353	
366	-26,9442	
367	-27,0298	
368	-27,1232	
369	-27,1901	
370	-27,2452	
371	-27,2541	
372	-27,2224	
373	-27,1891	
374	-27,156	
375	-27,1323	
376	-27,1084	
377	-27,0944	
378	-27,0941	
379	-27,0958	
380	-27,106	
381	-27,0901	
382	-27,1022	
383	-27,1111	
384	-27,1097	
385	-27,1093	
386	-27,1142	
387	-27,0751	
388	-26,9901	
389	-27,1012	
390	-27,1812	
391	-27,2092	
392	-27,1982	
393	-27,2083	
394	-27,2144	
395	-27,2316	
396	-27,2334	
397	-27,2311	
398	-27,2377	
399	-27,2615	
400	-27,2784	
401	-27,2996	
402	-27,308	
403	-27,3146	
404	-27,3449	
405	-27,37	
406	-27,3702	
407	-27,3884	
408	-27,3884	
409	-27,4111	
410	-27,4311	
411	-27,4711	
412	-27,4765	
413	-27,5038	
414	-27,5211	
415	-27,5251	
416	-27,5566	
417	-27,5878	
418	-27,6211	
419	-27,6339	
420	-27,6474	
421	-27,6673	
422	-27,709	
423	-27,7295	
424	-27,7706	
425	-27,7946	
426	-27,8234	
427	-27,8451	
428	-27,8769	
429	-27,9135	
430	-27,9638	
431	-28,0181	
432	-28,0754	
433	-28,1155	
434	-28,211	
435	-28,2922	
436	-28,4037	
437	-28,5297	
438	-28,6671	
439	-28,8365	
440	-28,975	
441	-29,0214	
442	-29,0022	
443	-28,8927	
444	-28,8439	
445	-28,7525	
446	-28,7286	
447	-28,7413	
448	-28,6891	
449	-28,7846	
450	-28,8903	
451	-28,8182	
452	-29,1128	
453	-29,6027	
454	-27,4945	
455	-28,2764	
456	-28,3363	
457	-28,5183	
458	-28,6919	
459	-28,7456	
460	-28,8113	
461	-28,8997	
462	-28,9834	
463	-29,0282	
464	-29,0744	
465	-29,1373	
466	-29,1978	
467	-29,2403	
468	-29,3103	
469	-29,3755	
470	-29,4523	
471	-29,5058	
472	-29,5691	
473	-29,6241	
474	-29,7004	
475	-29,7747	
476	-29,8454	
477	-29,9293	
478	-29,9868	
479	-30,097	
480	-30,1598	
481	-30,2357	
482	-30,3185	
483	-30,3812	
484	-30,4888	
485	-30,5916	
486	-30,6723	
487	-30,7794	
488	-30,87	
489	-30,9926	
490	-31,1335	
491	-31,2266	
492	-31,3357	
493	-31,4548	
494	-31,5915	
495	-31,7256	
496	-31,8532	
497	-31,9778	
498	-32,1275	
499	-32,2719	
500	-32,4309	
501	-32,57	
502	-32,7435	
503	-32,9241	
504	-33,0944	
505	-33,2754	
506	-33,4637	
507	-33,6987	
508	-33,9037	
509	-34,1046	
510	-34,342	
511	-34,5785	
512	-34,8426	
513	-35,1083	
514	-35,4029	
515	-35,7343	
516	-36,0612	
517	-36,3894	
518	-36,7582	
519	-37,1813	
520	-37,5379	
521	-38,0027	
522	-38,5245	
523	-38,919	
524	-39,5853	
525	-40,1815	
526	-40,9001	
527	-41,6296	
528	-42,5509	
529	-43,5765	
530	-44,6535	
531	-46,1333	
532	-47,6997	
533	-50,0868	
534	-52,9666	
535	-56,7706	
536	-62,9811	
537	-60,4772	
538	-54,4366	
539	-50,5096	
540	-47,7494	
541	-45,6008	
542	-43,847	
543	-42,2614	
544	-40,9717	
545	-39,8041	
546	-38,7764	
547	-37,7565	
548	-36,863	
549	-36,0079	
550	-35,2265	
551	-34,471	
552	-33,6978	
553	-33,0279	
554	-32,3776	
555	-31,7788	
556	-31,1666	
557	-30,5792	
558	-30,0214	
559	-29,4776	
560	-28,936	
561	-28,4078	
562	-27,8862	
563	-27,3811	
564	-26,8898	
565	-26,4285	
566	-25,9505	
567	-25,4622	
568	-24,9917	
569	-24,5193	
570	-24,0387	
571	-23,571	
572	-23,0957	
573	-22,6357	
574	-22,1749	
575	-21,7185	
576	-21,243	
577	-20,7694	
578	-20,2915	
579	-19,8249	
580	-19,3685	
581	-18,9105	
582	-18,4359	
583	-17,9513	
584	-17,4676	
585	-16,975	
586	-16,4695	
587	-15,9645	
588	-15,4573	
589	-14,9358	
590	-14,3895	
591	-13,8137	
592	-13,2292	
593	-12,6625	
594	-12,0767	
595	-11,4663	
596	-10,8053	
597	-10,1207	
598	-9,38165	
599	-8,61356	
600	-7,80882	
601	-6,97222	
602	-6,12766	
603	-5,23604	
604	-4,25635	
605	-3,12853	
606	-1,86787	
607	-0,495319	
608	1,07883	
609	2,83548	
610	5,10115	
611	7,74389	
612	11,335	
613	16,0435	
614	18,6839	
615	12,3929	
616	8,07352	
617	5,22071	
618	3,14612	
619	1,5494	
620	0,445846	
621	-0,543987	
622	-1,51411	
623	-2,44145	
624	-3,15349	
625	-3,68767	
626	-4,2306	
627	-4,78598	
628	-5,2502	
629	-5,68426	
630	-6,13737	
631	-6,5644	
632	-6,93624	
633	-7,2617	
634	-7,57195	
635	-7,88786	
636	-8,18321	
637	-8,45302	
638	-8,70245	
639	-8,94165	
640	-9,17157	
641	-9,38594	
642	-9,59156	
643	-9,7911	
644	-9,9777	
645	-10,1475	
646	-10,3051	
647	-10,4481	
648	-10,5726	
649	-10,6825	
650	-10,7984	
651	-10,9318	
652	-11,0852	
653	-11,2516	
654	-11,4178	
655	-11,573	
656	-11,7145	
657	-11,8492	
658	-11,9702	
659	-12,0846	
660	-12,1935	
661	-12,2955	
662	-12,396	
663	-12,4895	
664	-12,577	
665	-12,6612	
666	-12,7469	
667	-12,8257	
668	-12,9046	
669	-12,9815	
670	-13,0516	
671	-13,1262	
672	-13,1923	
673	-13,2556	
674	-13,3187	
675	-13,3841	
676	-13,4515	
677	-13,5008	
678	-13,5604	
679	-13,6116	
680	-13,6668	
681	-13,7187	
682	-13,7698	
683	-13,8193	
684	-13,8626	
685	-13,9103	
686	-13,9494	
687	-13,9904	
688	-14,0327	
689	-14,069	
690	-14,1145	
691	-14,1564	
692	-14,1915	
693	-14,2213	
694	-14,2562	
695	-14,2849	
696	-14,3237	
697	-14,3537	
698	-14,3882	
699	-14,4231	
700	-14,4568	
701	-14,4832	
702	-14,5135	
703	-14,5412	
704	-14,5658	
705	-14,5968	
706	-14,6264	
707	-14,6469	
708	-14,6743	
709	-14,6945	
710	-14,7145	
711	-14,738	
712	-14,7611	
713	-14,7823	
714	-14,8024	
715	-14,8251	
716	-14,8414	
717	-14,8567	
718	-14,8757	
719	-14,8923	
720	-14,9089	
721	-14,9188	
722	-14,9307	
723	-14,9461	
724	-14,9633	
725	-14,9779	
726	-14,9916	
727	-15,0042	
728	-15,0152	
729	-15,0208	
730	-15,0282	
731	-15,0396	
732	-15,0594	
733	-15,0753	
734	-15,0897	
735	-15,0913	
736	-15,0951	
737	-15,0986	
738	-15,1092	
739	-15,115	
740	-15,1295	
741	-15,1301	
742	-15,1379	
743	-15,1456	
744	-15,1489	
745	-15,1534	
746	-15,1598	
747	-15,1684	
748	-15,1794	
749	-15,1973	
750	-15,219	
751	-15,248	
752	-15,2665	
753	-15,2597	
754	-15,2358	
755	-15,2191	
756	-15,2036	
757	-15,1972	
758	-15,189	
759	-15,1866	
760	-15,1838	
761	-15,1813	
762	-15,1775	
763	-15,18	
764	-15,1794	
765	-15,1797	
766	-15,1753	
767	-15,1753	
768	-15,1726	
769	-15,1691	
770	-15,1633	
771	-15,1588	
772	-15,1517	
773	-15,1478	
774	-15,1478	
775	-15,1462	
776	-15,1394	
777	-15,1331	
778	-15,128	
779	-15,1232	
780	-15,118	
781	-15,1117	
782	-15,1083	
783	-15,105	
784	-15,0967	
785	-15,0928	
786	-15,085	
787	-15,072	
788	-15,0601	
789	-15,046	
790	-15,042	
791	-15,0369	
792	-15,0237	
793	-15,0039	
794	-14,9942	
795	-14,9907	
796	-15,0024	
797	-15,0041	
798	-14,9932	
799	-14,9669	
800	-14,9413	
801	-14,9258	
802	-14,9084	
803	-14,898	
804	-14,8854	
805	-14,8663	
806	-14,8452	
807	-14,8295	
808	-14,8164	
809	-14,8045	
810	-14,7821	
811	-14,7638	
812	-14,7498	
813	-14,7338	
814	-14,7203	
815	-14,7003	
816	-14,6844	
817	-14,6734	
818	-14,6634	
819	-14,647	
820	-14,6284	
821	-14,6082	
822	-14,5904	
823	-14,574	
824	-14,553	
825	-14,5339	
826	-14,5191	
827	-14,5005	
828	-14,4846	
829	-14,4692	
830	-14,4345	
831	-14,4128	
832	-14,3964	
833	-14,3742	
834	-14,3525	
835	-14,3356	
836	-14,3099	
837	-14,2641	
838	-14,1494	
839	-13,9109	
840	-14,1295	
841	-14,2116	
842	-14,2044	
843	-14,1796	
844	-14,1464	
845	-14,1144	
846	-14,0801	
847	-14,0531	
848	-14,0194	
849	-14,0108	
850	-13,9839	
851	-13,9502	
852	-13,9153	
853	-13,8817	
854	-13,8546	
855	-13,8241	
856	-13,7886	
857	-13,759	
858	-13,7276	
859	-13,6919	
860	-13,6492	
861	-13,6203	
862	-13,5932	
863	-13,5661	
864	-13,5337	
865	-13,5037	
866	-13,4692	
867	-13,4337	
868	-13,3968	
869	-13,3648	
870	-13,3338	
871	-13,2907	
872	-13,2447	
873	-13,2014	
874	-13,1667	
875	-13,1292	
876	-13,087	
877	-13,0471	
878	-13,012	
879	-12,977	
880	-12,9361	
881	-12,8856	
882	-12,8369	
883	-12,7875	
884	-12,7428	
885	-12,6995	
886	-12,6563	
887	-12,6111	
888	-12,5614	
889	-12,5071	
890	-12,4582	
891	-12,4092	
892	-12,3541	
893	-12,3009	
894	-12,2459	
895	-12,2018	
896	-12,1569	
897	-12,107	
898	-12,0485	
899	-11,986	
900	-11,9212	
901	-11,8572	
902	-11,7959	
903	-11,7359	
904	-11,6708	
905	-11,601	
906	-11,5261	
907	-11,4558	
908	-11,3896	
909	-11,3216	
910	-11,2517	
911	-11,1831	
912	-11,1105	
913	-11,0343	
914	-10,9552	
915	-10,8746	
916	-10,7955	
917	-10,7137	
918	-10,6264	
919	-10,5338	
920	-10,4439	
921	-10,353	
922	-10,2632	
923	-10,1704	
924	-10,0733	
925	-9,97368	
926	-9,86841	
927	-9,76598	
928	-9,65819	
929	-9,54816	
930	-9,43638	
931	-9,32463	
932	-9,20991	
933	-9,09439	
934	-8,97446	
935	-8,85377	
936	-8,72758	
937	-8,59233	
938	-8,45105	
939	-8,29797	
940	-8,12554	
941	-7,96367	
942	-7,78043	
943	-7,59333	
944	-7,40603	
945	-7,21666	
946	-7,02583	
947	-6,8316	
948	-6,62296	
949	-6,40448	
950	-6,17845	
951	-5,93874	
952	-5,68797	
953	-5,42619	
954	-5,14844	
955	-4,8582	
956	-4,55366	
957	-4,23213	
958	-3,88416	
959	-3,51797	
960	-3,14019	
961	-2,73944	
962	-2,30153	
963	-1,82916	
964	-1,32067	
965	-0,770314	
966	-0,169398	
967	0,490839	
968	1,22051	
969	2,01513	
970	2,86287	
971	3,79353	
972	4,86077	
973	6,06422	
974	7,37471	
975	8,76123	
976	10,168	
977	11,4852	
978	12,5062	
979	12,8626	
980	12,0047	
981	9,65401	
982	6,95994	
983	4,96534	
984	3,41019	
985	2,07593	
986	0,883396	
987	-0,191131	
988	-1,19142	
989	-2,10682	
990	-2,92991	
991	-3,72109	
992	-4,49176	
993	-5,21589	
994	-5,89338	
995	-6,53062	
996	-7,14622	
997	-7,75081	
998	-8,37446	
999	-8,99405	
1000	-9,59322	
1001	-10,0625	
1002	-10,2087	
1003	-11,0503	
1004	-11,6569	
1005	-12,1097	
1006	-12,5372	
1007	-13,0288	
1008	-13,5519	
1009	-14,0555	
1010	-14,4811	
1011	-14,6844	
1012	-15,2085	
1013	-16,1716	
1014	-16,7444	
1015	-17,2017	
1016	-17,6116	
1017	-18,0008	
1018	-18,3852	
1019	-18,8123	
1020	-19,2833	
1021	-19,7787	
1022	-20,3539	
1023	-20,8128	
1024	-21,322	
1025	-21,8444	
1026	-22,3617	
1027	-22,8852	
1028	-23,4427	
1029	-24,0239	
1030	-24,6162	
1031	-25,1949	
1032	-25,7973	
1033	-26,4433	
1034	-27,108	
1035	-27,8154	
1036	-28,5397	
1037	-29,3156	
1038	-30,0964	
1039	-30,9195	
1040	-31,8526	
1041	-32,7933	
1042	-33,7812	
1043	-34,7461	
1044	-35,6969	
1045	-36,5016	
1046	-37,3002	
1047	-37,9429	
1048	-38,285	
1049	-38,4698	
1050	-38,3545	
1051	-38,0039	
1052	-37,4902	
1053	-37,1455	
1054	-37,4682	
1055	-38,5309	
1056	-39,4079	
1057	-38,7287	
1058	-36,8493	
1059	-35,0723	
1060	-33,6809	
1061	-32,5344	
1062	-31,6079	
1063	-30,8716	
1064	-30,6836	
1065	-29,8268	
1066	-29,1525	
1067	-28,6778	
1068	-28,3721	
1069	-28,099	
1070	-27,7791	
1071	-27,4674	
1072	-27,1664	
1073	-26,8398	
1074	-26,5367	
1075	-26,2844	
1076	-26,0272	
1077	-25,7717	
1078	-25,5379	
1079	-25,3205	
1080	-25,1119	
1081	-24,9075	
1082	-24,6999	
1083	-24,5206	
1084	-24,3095	
1085	-24,1323	
1086	-23,958	
1087	-23,7642	
1088	-23,5996	
1089	-23,4652	
1090	-23,3396	
1091	-23,1665	
1092	-22,99	
1093	-22,8446	
1094	-22,6854	
1095	-22,5667	
1096	-22,4352	
1097	-22,3039	
1098	-22,1765	
1099	-22,0448	
1100	-21,9055	
1101	-21,7744	
1102	-21,6599	
1103	-21,5445	
1104	-21,4302	
1105	-21,3198	
1106	-21,218	
1107	-21,1171	
1108	-21,006	
1109	-20,9022	
1110	-20,794	
1111	-20,6802	
1112	-20,5836	
1113	-20,4787	
1114	-20,3679	
1115	-20,2695	
1116	-20,1679	
1117	-20,0768	
1118	-19,9843	
1119	-19,8962	
1120	-19,8249	
1121	-19,7529	
1122	-19,6434	
1123	-19,5316	
1124	-19,4276	
1125	-19,3448	
1126	-19,2638	
1127	-19,1895	
1128	-19,0887	
1129	-18,9961	
1130	-18,9244	
1131	-18,8516	
1132	-18,7794	
1133	-18,69	
1134	-18,6029	
1135	-18,5197	
1136	-18,4379	
1137	-18,3522	
1138	-18,2637	
1139	-18,1769	
1140	-18,0889	
1141	-18,0024	
1142	-17,9198	
1143	-17,8576	
1144	-17,8097	
1145	-17,7446	
1146	-17,6694	
1147	-17,5922	
1148	-17,5282	
1149	-17,4642	
1150	-17,396	
1151	-17,318	
1152	-17,2104	
1153	-17,0922	
1154	-16,9717	
1155	-16,8637	
1156	-16,7635	
1157	-16,6637	
1158	-16,5741	
1159	-16,496	
1160	-16,4171	
1161	-16,3347	
1162	-16,2462	
1163	-16,1619	
1164	-16,0905	
1165	-16,0166	
1166	-15,9219	
1167	-15,8276	
1168	-15,7394	
1169	-15,6558	
1170	-15,5675	
1171	-15,4766	
1172	-15,3838	
1173	-15,2898	
1174	-15,1992	
1175	-15,1071	
1176	-15,0074	
1177	-14,9171	
1178	-14,8208	
1179	-14,7235	
1180	-14,6164	
1181	-14,504	
1182	-14,3944	
1183	-14,2912	
1184	-14,1873	
1185	-14,0696	
1186	-13,949	
1187	-13,8259	
1188	-13,7006	
1189	-13,5778	
1190	-13,4433	
1191	-13,3079	
1192	-13,1699	
1193	-13,0244	
1194	-12,8661	
1195	-12,7052	
1196	-12,5598	
1197	-12,4043	
1198	-12,2433	
1199	-12,0835	
1200	-11,9258	
1201	-11,7753	
1202	-11,6354	
1203	-11,4977	
1204	-11,3164	
1205	-11,0226	
1206	-10,6379	
1207	-10,2921	
1208	-9,99161	
1209	-9,67591	
1210	-9,33267	
1211	-8,96765	
1212	-8,56323	
1213	-8,10981	
1214	-7,60213	
1215	-7,02635	
1216	-6,35558	
1217	-5,56678	
1218	-4,63533	
1219	-3,51717	
1220	-2,09478	
1221	-0,227633	
1222	1,95821	
1223	1,82393	
1224	-4,82481	
1225	-12,8673	
1226	-17,8072	
1227	-14,6054	
1228	-12,0796	
1229	-10,6427	
1230	-8,76707	
1231	-6,83857	
1232	-4,84108	
1233	-2,66054	
1234	-0,0814131	
1235	3,18904	
1236	7,59491	
1237	12,1434	
1238	6,84103	
1239	1,45465	
1240	-2,11563	
1241	-4,68084	
1242	-6,75288	
1243	-8,55859	
1244	-10,1638	
1245	-11,654	
1246	-13,0587	
1247	-14,3983	
1248	-15,6979	
1249	-16,9916	
1250	-18,3048	
1251	-19,6308	
1252	-20,9874	
1253	-22,412	
1254	-23,9297	
1255	-25,5477	
1256	-27,3468	
1257	-29,4123	
1258	-31,8493	
1259	-35,0458	
1260	-39,7265	
1261	-49,4087	
1262	-47,6349	
1263	-39,4802	
1264	-35,4952	
1265	-33,1426	
1266	-31,5724	
1267	-30,4731	
1268	-29,5573	
1269	-28,7861	
1270	-28,0223	
1271	-27,3264	
1272	-26,6736	
1273	-26,0799	
1274	-25,5418	
1275	-25,0412	
1276	-24,5966	
1277	-24,1655	
1278	-23,7748	
1279	-23,4221	
1280	-23,1016	
1281	-22,7784	
1282	-22,4763	
1283	-22,2	
1284	-21,9175	
1285	-21,6827	
1286	-21,4485	
1287	-21,2201	
1288	-21,0079	
1289	-20,8102	
1290	-20,6142	
1291	-20,4245	
1292	-20,2386	
1293	-20,0729	
1294	-19,9127	
1295	-19,7571	
1296	-19,6035	
1297	-19,4515	
1298	-19,3039	
1299	-19,158	
1300	-19,0162	
1301	-18,8681	
1302	-18,7414	
1303	-18,6164	
1304	-18,5044	
1305	-18,3931	
1306	-18,2899	
1307	-18,1997	
1308	-18,1043	
1309	-17,9983	
1310	-17,9001	
1311	-17,8004	
1312	-17,7036	
1313	-17,6069	
1314	-17,5022	
1315	-17,407	
1316	-17,3116	
1317	-17,2179	
1318	-17,1331	
1319	-17,0435	
1320	-16,9571	
1321	-16,8717	
1322	-16,79	
1323	-16,7086	
1324	-16,6221	
1325	-16,5352	
1326	-16,4593	
1327	-16,3779	
1328	-16,3001	
1329	-16,2178	
1330	-16,147	
1331	-16,0773	
1332	-16,0099	
1333	-15,9378	
1334	-15,8688	
1335	-15,7915	
1336	-15,7077	
1337	-15,625	
1338	-15,5494	
1339	-15,4767	
1340	-15,4041	
1341	-15,3383	
1342	-15,2645	
1343	-15,181	
1344	-15,0977	
1345	-15,0314	
1346	-14,9884	
1347	-14,9473	
1348	-14,8884	
1349	-14,8096	
1350	-14,7369	
1351	-14,6698	
1352	-14,6174	
1353	-14,5579	
1354	-14,4951	
1355	-14,4344	
1356	-14,3747	
1357	-14,3185	
1358	-14,2623	
1359	-14,2003	
1360	-14,1452	
1361	-14,0932	
1362	-14,0482	
1363	-14,0158	
1364	-13,9981	
1365	-14,0172	
1366	-14,0807	
1367	-14,1524	
1368	-14,1127	
1369	-13,9038	
1370	-13,6746	
1371	-13,5267	
1372	-13,4277	
1373	-13,3511	
1374	-13,2834	
1375	-13,2253	
1376	-13,1645	
1377	-13,1011	
1378	-13,0366	
1379	-12,9844	
1380	-12,9382	
1381	-12,8836	
1382	-12,8155	
1383	-12,752	
1384	-12,6967	
1385	-12,6399	
1386	-12,5838	
1387	-12,5265	
1388	-12,4713	
1389	-12,4093	
1390	-12,3451	
1391	-12,2753	
1392	-12,2342	
1393	-12,1764	
1394	-12,1178	
1395	-12,0593	
1396	-11,9974	
1397	-11,9378	
1398	-11,8784	
1399	-11,8196	
1400	-11,759	
1401	-11,7024	
1402	-11,6471	
1403	-11,591	
1404	-11,5337	
1405	-11,4767	
1406	-11,4158	
1407	-11,3511	
1408	-11,2871	
1409	-11,2242	
1410	-11,1592	
1411	-11,1066	
1412	-11,0568	
1413	-10,9932	
1414	-10,9283	
1415	-10,8701	
1416	-10,8209	
1417	-10,782	
1418	-10,7532	
1419	-10,7456	
1420	-10,734	
1421	-10,6741	
1422	-10,5685	
1423	-10,4591	
1424	-10,3691	
1425	-10,2957	
1426	-10,2296	
1427	-10,1612	
1428	-10,0942	
1429	-10,0239	
1430	-9,95414	
1431	-9,87959	
1432	-9,80931	
1433	-9,74357	
1434	-9,68078	
1435	-9,61686	
1436	-9,54386	
1437	-9,47173	
1438	-9,40052	
1439	-9,32838	
1440	-9,25728	
1441	-9,18801	
1442	-9,12178	
1443	-9,05733	
1444	-8,9957	
1445	-8,93408	
1446	-8,86966	
1447	-8,80862	
1448	-8,7511	
1449	-8,68867	
1450	-8,62866	
1451	-8,55662	
1452	-8,44813	
1453	-8,4119	
1454	-8,3409	
1455	-8,26279	
1456	-8,19286	
1457	-8,12039	
1458	-8,04626	
1459	-7,96917	
1460	-7,89055	
1461	-7,79211	
1462	-7,63272	
1463	-7,59832	
1464	-7,59638	
1465	-7,53346	
1466	-7,46005	
1467	-7,38165	
1468	-7,30392	
1469	-7,22704	
1470	-7,14943	
1471	-7,07507	
1472	-6,99586	
1473	-6,91993	
1474	-6,84091	
1475	-6,76427	
1476	-6,68178	
1477	-6,59541	
1478	-6,50814	
1479	-6,42773	
1480	-6,34682	
1481	-6,26457	
1482	-6,17768	
1483	-6,08873	
1484	-6,00118	
1485	-5,91773	
1486	-5,83239	
1487	-5,74779	
1488	-5,66264	
1489	-5,57416	
1490	-5,4804	
1491	-5,38473	
1492	-5,28913	
1493	-5,19526	
1494	-5,10089	
1495	-5,00593	
1496	-4,91245	
1497	-4,81944	
1498	-4,7235	
1499	-4,62575	
1500	-4,52556	
1501	-4,42443	
1502	-4,32232	
1503	-4,22034	
1504	-4,11622	
1505	-4,01363	
1506	-3,90626	
1507	-3,79797	
1508	-3,69139	
1509	-3,58739	
1510	-3,48172	
1511	-3,37398	
1512	-3,26174	
1513	-3,14432	
1514	-3,02418	
1515	-2,90406	
1516	-2,79246	
1517	-2,67768	
1518	-2,56015	
1519	-2,44133	
1520	-2,32	
1521	-2,19594	
1522	-2,06893	
1523	-1,94101	
1524	-1,81112	
1525	-1,68079	
1526	-1,54769	
1527	-1,41346	
1528	-1,27773	
1529	-1,13914	
1530	-0,99939	
1531	-0,857896	
1532	-0,711919	
1533	-0,561604	
1534	-0,41121	
1535	-0,260064	
1536	-0,107502	
1537	0,047528	
1538	0,208558	
1539	0,373168	
1540	0,542145	
1541	0,713914	
1542	0,89016	
1543	1,07072	
1544	1,25646	
1545	1,44731	
1546	1,64219	
1547	1,84133	
1548	2,04401	
1549	2,24608	
1550	2,44446	
1551	2,64226	
1552	2,84223	
1553	3,04617	
1554	3,26012	
1555	3,48866	
1556	3,73337	
1557	3,98674	
1558	4,24374	
1559	4,50162	
1560	4,76149	
1561	5,02783	
1562	5,30305	
1563	5,59046	
1564	5,88889	
1565	6,19679	
1566	6,51606	
1567	6,84704	
1568	7,19024	
1569	7,54684	
1570	7,91472	
1571	8,29643	
1572	8,69899	
1573	9,12465	
1574	9,57279	
1575	10,0466	
1576	10,5506	
1577	11,0855	
1578	11,6527	
1579	12,2565	
1580	12,9029	
1581	13,6013	
1582	14,3609	
1583	15,1914	
1584	16,1011	
1585	17,0975	
1586	18,1947	
1587	19,4032	
1588	20,7309	
1589	22,1839	
1590	23,7375	
1591	25,297	
1592	26,6444	
1593	27,3924	
1594	27,0874	
1595	25,6948	
1596	23,8696	
1597	22,1172	
1598	20,5274	
1599	19,0864	
1600	17,7954	
1601	16,6557	
1602	15,6522	
1603	14,7696	
1604	13,9975	
1605	13,3031	
1606	12,6505	
1607	12,0279	
1608	11,436	
1609	10,887	
1610	10,378	
1611	9,90339	
1612	9,45379	
1613	9,02556	
1614	8,61834	
1615	8,22978	
1616	7,84285	
1617	7,47035	
1618	7,12746	
1619	6,80596	
1620	6,49835	
1621	6,20193	
1622	5,91648	
1623	5,63917	
1624	5,37033	
1625	5,11451	
1626	4,8586	
1627	4,61666	
1628	4,41012	
1629	4,21637	
1630	3,99322	
1631	3,7184	
1632	3,42653	
1633	3,16426	
1634	2,939	
1635	2,73288	
1636	2,5304	
1637	2,32744	
1638	2,12996	
1639	1,93949	
1640	1,75542	
1641	1,57641	
1642	1,40053	
1643	1,22817	
1644	1,05733	
1645	0,892468	
1646	0,726026	
1647	0,563619	
1648	0,408795	
1649	0,258617	
1650	0,110829	
1651	-0,0374769	
1652	-0,184923	
1653	-0,330678	
1654	-0,473338	
1655	-0,611307	
1656	-0,746446	
1657	-0,879653	
1658	-1,01309	
1659	-1,14613	
1660	-1,28001	
1661	-1,41213	
1662	-1,5389	
1663	-1,65845	
1664	-1,77247	
1665	-1,88411	
1666	-1,99934	
1667	-2,12048	
1668	-2,24126	
1669	-2,3602	
1670	-2,47151	
1671	-2,58708	
1672	-2,70053	
1673	-2,81022	
1674	-2,91822	
1675	-3,02694	
1676	-3,13319	
1677	-3,22974	
1678	-3,3173	
1679	-3,41275	
1680	-3,51056	
1681	-3,60798	
1682	-3,70731	
1683	-3,80409	
1684	-3,89982	
1685	-3,9936	
1686	-4,08723	
1687	-4,17905	
1688	-4,27268	
1689	-4,36277	
1690	-4,45257	
1691	-4,54046	
1692	-4,62593	
1693	-4,71391	
1694	-4,8004	
1695	-4,88698	
1696	-4,97203	
1697	-5,05519	
1698	-5,14109	
1699	-5,22662	
1700	-5,30807	
1701	-5,39211	
1702	-5,47326	
1703	-5,54994	
1704	-5,62718	
1705	-5,70691	
1706	-5,78683	
1707	-5,86325	
1708	-5,94032	
1709	-6,01554	
1710	-6,0879	
1711	-6,16057	
1712	-6,23268	
1713	-6,30998	
1714	-6,38776	
1715	-6,46364	
1716	-6,53309	
1717	-6,60036	
1718	-6,67062	
1719	-6,73945	
1720	-6,81281	
1721	-6,88255	
1722	-6,94946	
1723	-7,01645	
1724	-7,08286	
1725	-7,15088	
1726	-7,21917	
1727	-7,285	
1728	-7,34853	
1729	-7,41078	
1730	-7,47054	
1731	-7,53206	
1732	-7,59429	
1733	-7,65567	
1734	-7,71394	
1735	-7,77747	
1736	-7,84684	
1737	-7,91445	
1738	-7,97572	
1739	-8,02572	
1740	-8,07239	
1741	-8,12237	
1742	-8,17486	
1743	-8,23229	
1744	-8,29146	
1745	-8,35122	
1746	-8,41775	
1747	-8,48808	
1748	-8,55661	
1749	-8,6222	
1750	-8,68593	
1751	-8,74931	
1752	-8,81176	
1753	-8,87405	
1754	-8,93813	
1755	-8,99769	
1756	-9,05186	
1757	-9,10088	
1758	-9,15727	
1759	-9,21333	
1760	-9,2738	
1761	-9,33452	
1762	-9,39619	
1763	-9,45338	
1764	-9,50565	
1765	-9,56044	
1766	-9,60951	
1767	-9,65494	
1768	-9,69759	
1769	-9,74426	
1770	-9,80053	
1771	-9,85001	
1772	-9,89173	
1773	-9,94114	
1774	-9,99439	
1775	-10,0413	
1776	-10,0887	
1777	-10,1379	
1778	-10,1904	
1779	-10,2451	
1780	-10,2992	
1781	-10,3399	
1782	-10,3881	
1783	-10,4338	
1784	-10,4836	
1785	-10,5327	
1786	-10,5809	
1787	-10,6317	
1788	-10,6842	
1789	-10,7351	
1790	-10,7903	
1791	-10,8431	
1792	-10,8916	
1793	-10,9404	
1794	-10,9912	
1795	-11,0395	
1796	-11,0909	
1797	-11,1421	
1798	-11,1909	
1799	-11,2383	
1800	-11,2922	
1801	-11,3437	
1802	-11,3882	
1803	-11,4225	
1804	-11,4476	
1805	-11,4704	
1806	-11,4873	
1807	-11,4989	
1808	-11,5097	
1809	-11,5464	
1810	-11,6278	
1811	-11,7086	
1812	-11,7636	
1813	-11,7971	
1814	-11,8183	
1815	-11,808	
1816	-11,7481	
1817	-11,6407	
1818	-11,5437	
1819	-11,5635	
1820	-11,7226	
1821	-11,9104	
1822	-12,0683	
1823	-12,1918	
1824	-12,2877	
1825	-12,3553	
1826	-12,4138	
1827	-12,4611	
1828	-12,5053	
1829	-12,545	
1830	-12,5923	
1831	-12,6446	
1832	-12,6895	
1833	-12,738	
1834	-12,7832	
1835	-12,8144	
1836	-12,8319	
1837	-12,8695	
1838	-12,9154	
1839	-12,9605	
1840	-13,0321	
1841	-13,0606	
1842	-13,111	
1843	-13,2099	
1844	-13,2593	
1845	-13,3134	
1846	-13,3691	
1847	-13,4338	
1848	-13,5044	
1849	-13,6103	
1850	-13,7961	
1851	-13,8578	
1852	-13,6418	
1853	-13,6244	
1854	-13,6614	
1855	-13,717	
1856	-13,7746	
1857	-13,8252	
1858	-13,8766	
1859	-13,9328	
1860	-13,9769	
1861	-14,0051	
1862	-14,0773	
1863	-14,1381	
1864	-14,1773	
1865	-14,2114	
1866	-14,2573	
1867	-14,3102	
1868	-14,3617	
1869	-14,416	
1870	-14,4712	
1871	-14,5251	
1872	-14,5767	
1873	-14,609	
1874	-14,6461	
1875	-14,6798	
1876	-14,7216	
1877	-14,7831	
1878	-14,8582	
1879	-14,9295	
1880	-14,983	
1881	-15,0187	
1882	-15,0565	
1883	-15,0874	
1884	-15,1305	
1885	-15,1794	
1886	-15,2295	
1887	-15,2726	
1888	-15,3168	
1889	-15,3714	
1890	-15,425	
1891	-15,4789	
1892	-15,5322	
1893	-15,5784	
1894	-15,6239	
1895	-15,6787	
1896	-15,7392	
1897	-15,7996	
1898	-15,8566	
1899	-15,9119	
1900	-15,9695	
1901	-16,0269	
1902	-16,083	
1903	-16,1333	
1904	-16,1781	
1905	-16,2462	
1906	-16,3029	
1907	-16,3694	
1908	-16,4374	
1909	-16,5046	
1910	-16,5698	
1911	-16,6426	
1912	-16,714	
1913	-16,7987	
1914	-16,8846	
1915	-16,9658	
1916	-17,0354	
1917	-17,0917	
1918	-17,1471	
1919	-17,2003	
1920	-17,2435	
1921	-17,2893	
1922	-17,3353	
1923	-17,3859	
1924	-17,4356	
1925	-17,4966	
1926	-17,5739	
1927	-17,6452	
1928	-17,7214	
1929	-17,7965	
1930	-17,8733	
1931	-17,9564	
1932	-18,0504	
1933	-18,1407	
1934	-18,2271	
1935	-18,3148	
1936	-18,4007	
1937	-18,4997	
1938	-18,594	
1939	-18,6871	
1940	-18,7901	
1941	-18,8863	
1942	-18,9766	
1943	-19,0682	
1944	-19,152	
1945	-19,2278	
1946	-19,3204	
1947	-19,4228	
1948	-19,5423	
1949	-19,6913	
1950	-19,8368	
1951	-19,9409	
1952	-19,9855	
1953	-19,9761	
1954	-19,9505	
1955	-19,9327	
1956	-19,9946	
1957	-20,1916	
1958	-20,5473	
1959	-21,0449	
1960	-21,5034	
1961	-21,8051	
1962	-22,0004	
1963	-22,1951	
1964	-22,4383	
1965	-22,6988	
1966	-22,9632	
1967	-23,1994	
1968	-23,4529	
1969	-23,7589	
1970	-24,0768	
1971	-24,3949	
1972	-24,6943	
1973	-25,0431	
1974	-25,4426	
1975	-25,8733	
1976	-26,3424	
1977	-26,8477	
1978	-27,3608	
1979	-27,8737	
1980	-28,3214	
1981	-28,7983	
1982	-29,568	
1983	-30,7621	
1984	-31,9589	
1985	-32,8824	
1986	-33,7513	
1987	-35,301	
1988	-37,9529	
1989	-41,9151	
1990	-48,6702	
1991	-55,47	
1992	-44,4623	
1993	-39,2095	
1994	-35,8159	
1995	-33,2453	
1996	-31,2831	
1997	-29,6492	
1998	-28,1736	
1999	-26,8196	
2000	-25,6236	
2001	-24,5324	
2002	-23,4727	
2003	-22,4452	
2004	-21,4767	
2005	-20,5805	
2006	-19,7225	
2007	-18,9033	
2008	-18,0906	
2009	-17,2721	
2010	-16,4581	
2011	-15,656	
2012	-14,8645	
2013	-14,0492	
2014	-13,2386	
2015	-12,4487	
2016	-11,6252	
2017	-10,7705	
2018	-9,91369	
2019	-9,06189	
2020	-8,20993	
2021	-7,31635	
2022	-6,33256	
2023	-5,27293	
2024	-4,14415	
2025	-2,95441	
2026	-1,6834	
2027	-0,311421	
2028	1,16209	
2029	2,73965	
2030	4,43517	
2031	6,24746	
2032	8,10972	
2033	9,80095	
2034	10,8007	
2035	10,3745	
2036	8,52694	
2037	6,34091	
2038	4,40191	
2039	2,79247	
2040	1,49993	
2041	0,481344	
2042	-0,341128	
2043	-1,0499	
2044	-1,69523	
2045	-2,28766	
2046	-2,83607	
2047	-3,34573	
2048	-3,8221	
2049	-4,26421	
2050	-4,66377	
2051	-5,02148	
2052	-5,35771	
2053	-5,67569	
2054	-5,98223	
2055	-6,26372	
2056	-6,52841	
2057	-6,78317	
2058	-7,01713	
2059	-7,24612	
2060	-7,46473	
2061	-7,66757	
2062	-7,87094	
2063	-8,05927	
2064	-8,23875	
2065	-8,41569	
2066	-8,58668	
2067	-8,75731	
2068	-8,91819	
2069	-9,06776	
2070	-9,21363	
2071	-9,35079	
2072	-9,48308	
2073	-9,61497	
2074	-9,73459	
2075	-9,83142	
2076	-9,94551	
2077	-10,0689	
2078	-10,1649	
2079	-10,2764	
2080	-10,3872	
2081	-10,4914	
2082	-10,5921	
2083	-10,6864	
2084	-10,7788	
2085	-10,8704	
2086	-10,9552	
2087	-11,0401	
2088	-11,1234	
2089	-11,2072	
2090	-11,2855	
2091	-11,3668	
2092	-11,448	
2093	-11,5251	
2094	-11,6032	
2095	-11,6767	
2096	-11,7456	
2097	-11,8143	
2098	-11,8864	
2099	-11,9614	
2100	-12,0262	
2101	-12,0889	
2102	-12,1503	
2103	-12,2113	
2104	-12,2725	
2105	-12,3339	
2106	-12,3909	
2107	-12,4473	
2108	-12,5052	
2109	-12,5584	
2110	-12,6145	
2111	-12,6706	
2112	-12,7269	
2113	-12,7786	
2114	-12,829	
2115	-12,8766	
2116	-12,9208	
2117	-12,9681	
2118	-13,0164	
2119	-13,0687	
2120	-13,1134	
2121	-13,1593	
2122	-13,2023	
2123	-13,2427	
2124	-13,284	
2125	-13,3273	
2126	-13,3667	
2127	-13,4102	
2128	-13,4498	
2129	-13,4894	
2130	-13,5332	
2131	-13,5757	
2132	-13,6175	
2133	-13,6594	
2134	-13,7028	
2135	-13,7418	
2136	-13,7773	
2137	-13,8119	
2138	-13,848	
2139	-13,8838	
2140	-13,9202	
2141	-13,9583	
2142	-13,9892	
2143	-14,0268	
2144	-14,0647	
2145	-14,0931	
2146	-14,131	
2147	-14,1652	
2148	-14,198	
2149	-14,2292	
2150	-14,256	
2151	-14,2938	
2152	-14,323	
2153	-14,356	
2154	-14,3882	
2155	-14,4192	
2156	-14,4491	
2157	-14,4771	
2158	-14,5119	
2159	-14,549	
2160	-14,5873	
2161	-14,626	
2162	-14,6548	
2163	-14,6832	
2164	-14,7032	
2165	-14,7242	
2166	-14,7458	
2167	-14,769	
2168	-14,7872	
2169	-14,8041	
2170	-14,8365	
2171	-14,8607	
2172	-14,8864	
2173	-14,9183	
2174	-14,9509	
2175	-14,9718	
2176	-14,9994	
2177	-15,0236	
2178	-15,0427	
2179	-15,0725	
2180	-15,0917	
2181	-15,1111	
2182	-15,1346	
2183	-15,1625	
2184	-15,1807	
2185	-15,1979	
2186	-15,217	
2187	-15,2431	
2188	-15,2627	
2189	-15,2852	
2190	-15,301	
2191	-15,3317	
2192	-15,3526	
2193	-15,3739	
2194	-15,3968	
2195	-15,4207	
2196	-15,4425	
2197	-15,4543	
2198	-15,4697	
2199	-15,4873	
2200	-15,5103	
2201	-15,5158	
2202	-15,5009	
2203	-15,4657	
2204	-15,4218	
2205	-15,3895	
2206	-15,3907	
2207	-15,4429	
2208	-15,5469	
2209	-15,656	
2210	-15,7266	
2211	-15,7615	
2212	-15,787	
2213	-15,8167	
2214	-15,8517	
2215	-15,8918	
2216	-15,9246	
2217	-15,9379	
2218	-15,9262	
2219	-15,9259	
2220	-15,9346	
2221	-15,9492	
2222	-15,9556	
2223	-15,9676	
2224	-15,985	
2225	-15,998	
2226	-16,0089	
2227	-16,0177	
2228	-16,0269	
2229	-16,0413	
2230	-16,0407	
2231	-16,0528	
2232	-16,0518	
2233	-16,0404	
2234	-16,0246	
2235	-15,997	
2236	-15,966	
2237	-15,923	
2238	-15,868	
2239	-15,7811	
2240	-15,6643	
2241	-15,519	
2242	-15,3829	
2243	-15,2781	
2244	-15,2453	
2245	-15,284	
2246	-15,3942	
2247	-15,5481	
2248	-15,7214	
2249	-15,8792	
2250	-16,0064	
2251	-16,107	
2252	-16,1865	
2253	-16,2462	
2254	-16,3078	
2255	-16,3652	
2256	-16,4209	
2257	-16,4769	
2258	-16,5358	
2259	-16,5877	
2260	-16,6082	
2261	-16,5941	
2262	-16,5947	
2263	-16,6177	
2264	-16,6252	
2265	-16,6474	
2266	-16,6603	
2267	-16,677	
2268	-16,6981	
2269	-16,7241	
2270	-16,7401	
2271	-16,7639	
2272	-16,7811	
2273	-16,7981	
2274	-16,811	
2275	-16,8298	
2276	-16,8451	
2277	-16,8648	
2278	-16,8808	
2279	-16,8989	
2280	-16,9121	
2281	-16,9197	
2282	-16,9267	
2283	-16,9304	
2284	-16,9325	
2285	-16,9418	
2286	-16,9518	
2287	-16,9618	
2288	-16,9718	
2289	-16,9872	
2290	-16,9916	
2291	-17,0042	
2292	-17,0283	
2293	-17,0275	
2294	-17,0371	
2295	-17,0567	
2296	-17,071	
2297	-17,0816	
2298	-17,0968	
2299	-17,1083	
2300	-17,1247	
2301	-17,1329	
2302	-17,1418	
2303	-17,155	
2304	-17,1686	
2305	-17,1846	
2306	-17,2028	
2307	-17,2111	
2308	-17,2269	
2309	-17,2425	
2310	-17,2601	
2311	-17,2732	
2312	-17,2805	
2313	-17,2915	
2314	-17,3026	
2315	-17,3155	
2316	-17,319	
2317	-17,3313	
2318	-17,3382	
2319	-17,3465	
2320	-17,3558	
2321	-17,3648	
2322	-17,3632	
2323	-17,3722	
2324	-17,3806	
2325	-17,3924	
2326	-17,417	
2327	-17,4306	
2328	-17,4352	
2329	-17,4334	
2330	-17,4468	
2331	-17,4601	
2332	-17,4721	
2333	-17,4883	
2334	-17,4987	
2335	-17,5076	
2336	-17,5112	
2337	-17,511	
2338	-17,5179	
2339	-17,5281	
2340	-17,5394	
2341	-17,5453	
2342	-17,554	
2343	-17,5514	
2344	-17,5523	
2345	-17,5451	
2346	-17,5451	
2347	-17,5566	
2348	-17,5823	
2349	-17,6043	
2350	-17,6317	
2351	-17,6519	
2352	-17,6722	
2353	-17,6826	
2354	-17,6889	
2355	-17,6956	
2356	-17,7148	
2357	-17,7246	
2358	-17,7396	
2359	-17,7446	
2360	-17,7486	
2361	-17,7451	
2362	-17,7429	
2363	-17,7546	
2364	-17,7475	
2365	-17,7548	
2366	-17,7582	
2367	-17,7571	
2368	-17,7665	
2369	-17,7743	
2370	-17,7799	
2371	-17,7916	
2372	-17,7933	
2373	-17,7994	
2374	-17,7972	
2375	-17,8054	
2376	-17,8091	
2377	-17,8159	
2378	-17,821	
2379	-17,8281	
2380	-17,8447	
2381	-17,8555	
2382	-17,8587	
2383	-17,8582	
2384	-17,8692	
2385	-17,8744	
2386	-17,8777	
2387	-17,8792	
2388	-17,8757	
2389	-17,8816	
2390	-17,8854	
2391	-17,8734	
2392	-17,8744	
2393	-17,8772	
2394	-17,8853	
2395	-17,8913	
2396	-17,8997	
2397	-17,9103	
2398	-17,918	
2399	-17,9304	
2400	-17,9415	
2401	-17,948	
2402	-17,9401	
2403	-17,9316	
2404	-17,9314	
2405	-17,9207	
2406	-17,9247	
2407	-17,9328	
2408	-17,9497	
2409	-17,9552	
2410	-17,9635	
2411	-17,9513	
2412	-17,9516	
2413	-17,9532	
2414	-17,9575	
2415	-17,9644	
2416	-17,9649	
2417	-17,9765	
2418	-17,9765	
2419	-17,9811	
2420	-17,9792	
2421	-17,9667	
2422	-17,9567	
2423	-17,9577	
2424	-17,9553	
2425	-17,9503	
2426	-17,9446	
2427	-17,9507	
2428	-17,956	
2429	-17,9645	
2430	-18,0049	
2431	-18,0372	
2432	-18,041	
2433	-18,0105	
2434	-18,0062	
2435	-18,0228	
2436	-18,0161	
2437	-18,0072	
2438	-18,0029	
2439	-17,9971	
2440	-17,99	
2441	-17,9794	
2442	-17,9844	
2443	-17,9906	
2444	-18,0079	
2445	-18,0268	
2446	-18,0242	
2447	-18,015	
2448	-18,0076	
2449	-17,9944	
2450	-17,976	
2451	-17,9744	
2452	-17,9694	
2453	-17,9575	
2454	-17,945	
2455	-17,9277	
2456	-17,9315	
2457	-17,9455	
2458	-17,9624	
2459	-17,9693	
2460	-17,9462	
2461	-17,8956	
2462	-17,8731	
2463	-17,8509	
2464	-17,8634	
2465	-17,8946	
2466	-17,8693	
2467	-17,8548	
2468	-17,841	
2469	-17,8264	
2470	-17,8007	
2471	-17,7728	
2472	-17,7543	
2473	-17,7214	
2474	-17,7096	
2475	-17,7689	
2476	-17,789	
2477	-17,786	
2478	-17,7697	
2479	-17,7481	
2480	-17,7312	
2481	-17,7208	
2482	-17,7018	
2483	-17,6863	
2484	-17,6653	
2485	-17,6489	
2486	-17,6387	
2487	-17,6222	
2488	-17,617	
2489	-17,6223	
2490	-17,6217	
2491	-17,6091	
2492	-17,5669	
2493	-17,5213	
2494	-17,4865	
2495	-17,4557	
2496	-17,4429	
2497	-17,4286	
2498	-17,4128	
2499	-17,3918	
2500	-17,375	
2501	-17,3595	
2502	-17,344	
2503	-17,3294	
2504	-17,3032	
2505	-17,2766	
2506	-17,2548	
2507	-17,2253	
2508	-17,1981	
2509	-17,1676	
2510	-17,1412	
2511	-17,1222	
2512	-17,0979	
2513	-17,0855	
2514	-17,0662	
2515	-17,0368	
2516	-16,997	
2517	-16,9577	
2518	-16,9147	
2519	-16,8826	
2520	-16,857	
2521	-16,8319	
2522	-16,7932	
2523	-16,7436	
2524	-16,7025	
2525	-16,6448	
2526	-16,5971	
2527	-16,571	
2528	-16,5494	
2529	-16,5311	
2530	-16,505	
2531	-16,4608	
2532	-16,3959	
2533	-16,3246	
2534	-16,2586	
2535	-16,2114	
2536	-16,1848	
2537	-16,1505	
2538	-16,114	
2539	-16,0588	
2540	-15,9962	
2541	-15,9294	
2542	-15,8658	
2543	-15,8037	
2544	-15,7392	
2545	-15,6777	
2546	-15,6175	
2547	-15,5584	
2548	-15,478	
2549	-15,4006	
2550	-15,335	
2551	-15,2688	
2552	-15,1912	
2553	-15,1048	
2554	-15,0284	
2555	-14,9606	
2556	-14,8888	
2557	-14,8167	
2558	-14,7367	
2559	-14,6638	
2560	-14,6011	
2561	-14,5412	
2562	-14,5133	
2563	-14,5224	
2564	-14,5749	
2565	-14,6957	
2566	-14,9239	
2567	-15,2922	
2568	-15,8628	
2569	-16,6568	
2570	-17,5136	
2571	-17,8315	
2572	-17,0005	
2573	-15,4773	
2574	-14,0912	
2575	-13,0897	
2576	-12,3716	
2577	-11,797	
2578	-11,2963	
2579	-10,8714	
2580	-10,5149	
2581	-10,1921	
2582	-9,87243	
2583	-9,51333	
2584	-9,10652	
2585	-8,65943	
2586	-8,177	
2587	-7,65867	
2588	-7,10706	
2589	-6,51279	
2590	-5,86906	
2591	-5,18795	
2592	-4,44183	
2593	-3,5906	
2594	-2,59638	
2595	-1,43058	
2596	-0,114957	
2597	1,28279	
2598	2,70459	
2599	4,06263	
2600	5,15682	
2601	5,58425	
2602	4,91509	
2603	3,14997	
2604	0,829131	
2605	-1,43391	
2606	-3,30681	
2607	-4,84849	
2608	-6,36734	
2609	-7,92679	
2610	-8,78321	
2611	-9,22611	
2612	-10,1839	
2613	-11,2219	
2614	-11,9955	
2615	-12,6582	
2616	-13,3491	
2617	-14,076	
2618	-14,7893	
2619	-15,5545	
2620	-16,1957	
2621	-16,7828	
2622	-17,355	
2623	-17,9336	
2624	-18,5118	
2625	-19,1186	
2626	-19,7163	
2627	-20,2627	
2628	-20,7638	
2629	-21,2183	
2630	-21,6809	
2631	-22,1679	
2632	-22,7432	
2633	-23,3797	
2634	-23,9886	
2635	-24,4799	
2636	-24,8716	
2637	-25,2216	
2638	-25,5203	
2639	-25,8114	
2640	-26,1294	
2641	-26,4277	
2642	-26,692	
2643	-26,8549	
2644	-26,9381	
2645	-26,8502	
2646	-26,7699	
2647	-26,9822	
2648	-28,0069	
2649	-30,1278	
2650	-32,6425	
2651	-34,4082	
2652	-35,2977	
2653	-35,926	
2654	-36,6465	
2655	-37,428	
2656	-38,4179	
2657	-39,5104	
2658	-39,4504	
2659	-38,9767	
2660	-39,3209	
2661	-40,0381	
2662	-40,6403	
2663	-40,9657	
2664	-40,9621	
2665	-40,7555	
2666	-40,5707	
2667	-40,2502	
2668	-39,9972	
2669	-39,577	
2670	-39,2318	
2671	-38,8369	
2672	-38,4016	
2673	-37,99	
2674	-37,6	
2675	-37,2897	
2676	-36,8772	
2677	-36,5781	
2678	-36,2269	
2679	-35,9073	
2680	-35,9541	
2681	-35,7901	
2682	-35,2615	
2683	-35,1326	
2684	-34,8983	
2685	-34,7243	
2686	-34,5316	
2687	-34,3795	
2688	-34,1775	
2689	-33,9839	
2690	-33,8214	
2691	-33,607	
2692	-33,4246	
2693	-33,273	
2694	-33,1592	
2695	-33,0423	
2696	-32,8964	
2697	-32,6923	
2698	-32,5528	
2699	-32,4529	
2700	-32,2501	
2701	-32,1398	
2702	-32,0473	
2703	-31,9137	
2704	-31,7679	
2705	-31,661	
2706	-31,5684	
2707	-31,4701	
2708	-31,3457	
2709	-31,2344	
2710	-31,1371	
2711	-31,0471	
2712	-30,9705	
2713	-30,8873	
2714	-30,7932	
2715	-30,6729	
2716	-30,5314	
2717	-30,4185	
2718	-30,3102	
2719	-30,2633	
2720	-30,1793	
2721	-30,0544	
2722	-29,9011	
2723	-29,7565	
2724	-29,6846	
2725	-29,7343	
2726	-29,7741	
2727	-29,8054	
2728	-29,7881	
2729	-29,7906	
2730	-29,7778	
2731	-29,7657	
2732	-29,7053	
2733	-29,6739	
2734	-29,6668	
2735	-29,6164	
2736	-29,6029	
2737	-29,5551	
2738	-29,527	
2739	-29,4777	
2740	-29,4353	
2741	-29,4072	
2742	-29,3845	
2743	-29,3678	
2744	-29,3701	
2745	-29,3346	
2746	-29,2904	
2747	-29,2739	
2748	-29,3258	
2749	-29,3345	
2750	-29,3467	
2751	-29,3768	
2752	-29,3636	
2753	-29,3031	
2754	-29,227	
2755	-29,1809	
2756	-29,1271	
2757	-29,1115	
2758	-29,1029	
2759	-29,1053	
2760	-29,0939	
2761	-29,0946	
2762	-29,0646	
2763	-29,0166	
2764	-29,0054	
2765	-28,997	
2766	-28,9525	
2767	-28,9379	
2768	-28,9238	
2769	-28,9207	
2770	-28,9025	
2771	-28,9465	
2772	-28,9429	
2773	-28,9339	
2774	-28,9019	
2775	-28,8636	
2776	-28,8115	
2777	-28,7806	
2778	-28,7386	
2779	-28,7121	
2780	-28,6762	
2781	-28,6337	
2782	-28,6113	
2783	-28,568	
2784	-28,5611	
2785	-28,5667	
2786	-28,5818	
2787	-28,5861	
2788	-28,5628	
2789	-28,5494	
2790	-28,5416	
2791	-28,4906	
2792	-28,4793	
2793	-28,4485	
2794	-28,4138	
2795	-28,3753	
2796	-28,3671	
2797	-28,4044	
2798	-28,4395	
2799	-28,5311	
2800	-28,5863	
2801	-28,5848	
2802	-28,5806	
2803	-28,5911	
2804	-28,5553	
2805	-28,5411	
2806	-28,5604	
2807	-28,5525	
2808	-28,5711	
2809	-28,5903	
2810	-28,5702	
2811	-28,5999	
2812	-28,67	
2813	-28,8362	
2814	-29,077	
2815	-29,2979	
2816	-29,3491	
2817	-29,1824	
2818	-28,8469	
2819	-28,5162	
2820	-28,1945	
2821	-28,0063	
2822	-28,0748	
2823	-28,3296	
2824	-28,5931	
2825	-28,8143	
2826	-29,026	
2827	-29,1551	
2828	-29,2155	
2829	-29,2904	
2830	-29,3371	
2831	-29,2164	
2832	-29,0514	
2833	-28,9986	
2834	-29,0555	
2835	-29,0665	
2836	-29,0198	
2837	-28,927	
2838	-28,8699	
2839	-28,7938	
2840	-28,771	
2841	-28,7683	
2842	-28,7487	
2843	-28,7127	
2844	-28,6499	
2845	-28,6164	
2846	-28,5849	
2847	-28,5786	
2848	-28,5272	
2849	-28,4624	
2850	-28,3946	
2851	-28,3204	
2852	-28,2866	
2853	-28,2207	
2854	-28,1302	
2855	-27,9331	
2856	-27,6436	
2857	-27,3313	
2858	-27,1183	
2859	-27,0862	
2860	-27,2493	
2861	-27,4853	
2862	-27,7572	
2863	-27,9639	
2864	-28,1269	
2865	-28,2507	
2866	-28,351	
2867	-28,3936	
2868	-28,4131	
2869	-28,4629	
2870	-28,4563	
2871	-28,4936	
2872	-28,5314	
2873	-28,5236	
2874	-28,5354	
2875	-28,5726	
2876	-28,5917	
2877	-28,587	
2878	-28,5802	
2879	-28,5923	
2880	-28,6042	
2881	-28,59	
2882	-28,6305	
2883	-28,6162	
2884	-28,594	
2885	-28,6067	
2886	-28,5969	
2887	-28,5669	
2888	-28,5651	
2889	-28,5742	
2890	-28,6117	
2891	-28,6521	
2892	-28,7068	
2893	-28,7351	
2894	-28,7892	
2895	-28,8408	
2896	-28,8603	
2897	-28,892	
2898	-28,9639	
2899	-28,9933	
2900	-29,0466	
2901	-29,0617	
2902	-29,104	
2903	-29,1035	
2904	-29,1302	
2905	-29,1248	
2906	-29,0956	
2907	-29,0759	
2908	-29,0802	
2909	-29,0666	
2910	-29,0381	
2911	-29,0703	
2912	-29,0603	
2913	-29,0744	
2914	-29,0768	
2915	-29,0975	
2916	-29,1074	
2917	-29,133	
2918	-29,1453	
2919	-29,1636	
2920	-29,1588	
2921	-29,19	
2922	-29,1966	
2923	-29,2048	
2924	-29,2049	
2925	-29,2279	
2926	-29,2602	
2927	-29,2551	
2928	-29,2568	
2929	-29,2871	
2930	-29,2804	
2931	-29,28	
2932	-29,2615	
2933	-29,2531	
2934	-29,2314	
2935	-29,1946	
2936	-29,1786	
2937	-29,1345	
2938	-29,1431	
2939	-29,1911	
2940	-29,2326	
2941	-29,2774	
2942	-29,2923	
2943	-29,2912	
2944	-29,3054	
2945	-29,3187	
2946	-29,3633	
2947	-29,4323	
2948	-29,4954	
2949	-29,5534	
2950	-29,5547	
2951	-29,5803	
2952	-29,5863	
2953	-29,5475	
2954	-29,5214	
2955	-29,5431	
2956	-29,575	
2957	-29,597	
2958	-29,6238	
2959	-29,6257	
2960	-29,6039	
2961	-29,692	
2962	-29,8048	
2963	-29,8981	
2964	-29,9609	
2965	-29,8985	
2966	-29,8143	
2967	-29,7185	
2968	-29,6588	
2969	-29,6434	
2970	-29,6889	
2971	-29,7719	
2972	-29,8798	
2973	-29,9104	
2974	-29,9256	
2975	-29,909	
2976	-29,8836	
2977	-29,8878	
2978	-29,8988	
2979	-29,9236	
2980	-29,9336	
2981	-29,9732	
2982	-30,0143	
2983	-29,9896	
2984	-30,0086	
2985	-29,9825	
2986	-29,9825	
2987	-30,0018	
2988	-30,0176	
2989	-30,0628	
2990	-30,0623	
2991	-30,0974	
2992	-30,1169	
2993	-30,1538	
2994	-30,161	
2995	-30,1759	
2996	-30,2224	
2997	-30,2962	
2998	-30,34	
2999	-30,3013	
3000	-30,2854	
3001	-30,3303	
3002	-30,3815	
3003	-30,3986	
3004	-30,4682	
3005	-30,4996	
3006	-30,5297	
3007	-30,6307	
3008	-30,7122	
3009	-30,8124	
3010	-30,9259	
3011	-31,0297	
3012	-31,125	
3013	-31,1569	
3014	-31,1536	
3015	-31,1245	
3016	-31,1216	
3017	-31,1762	
3018	-31,2097	
3019	-31,2304	
3020	-31,2154	
3021	-31,1895	
3022	-31,1396	
3023	-31,1058	
3024	-31,1045	
3025	-31,0797	
3026	-31,101	
3027	-31,0939	
3028	-31,093	
3029	-31,0683	
3030	-31,0977	
3031	-31,0976	
3032	-31,1303	
3033	-31,1304	
3034	-31,1535	
3035	-31,0996	
3036	-31,0473	
3037	-31,0456	
3038	-31,0366	
3039	-31,0342	
3040	-31,0568	
3041	-31,0186	
3042	-31,0152	
3043	-31,0263	
3044	-31,0418	
3045	-31,0747	
3046	-31,0876	
3047	-31,099	
3048	-31,0796	
3049	-31,1133	
3050	-31,1033	
3051	-31,1088	
3052	-31,1326	
3053	-31,1034	
3054	-31,1377	
3055	-31,1468	
3056	-31,1744	
3057	-31,1636	
3058	-31,1965	
3059	-31,1913	
3060	-31,1568	
3061	-31,1636	
3062	-31,1527	
3063	-31,1647	
3064	-31,1917	
3065	-31,1869	
3066	-31,2137	
3067	-31,2046	
3068	-31,21	
3069	-31,1936	
3070	-31,226	
3071	-31,2137	
3072	-31,1884	
3073	-31,1855	
3074	-31,1815	
3075	-31,1689	
3076	-31,1494	
3077	-31,1602	
3078	-31,1322	
3079	-31,1649	
3080	-31,16	
3081	-31,1547	
3082	-31,156	
3083	-31,1352	
3084	-31,1635	
3085	-31,1707	
3086	-31,181	
3087	-31,1414	
3088	-31,1859	
3089	-31,1491	
3090	-31,103	
3091	-31,1157	
3092	-31,0682	
3093	-31,0515	
3094	-30,9989	
3095	-30,9714	
3096	-30,9393	
3097	-30,9274	
3098	-30,8742	
3099	-30,825	
3100	-30,8165	
3101	-30,7963	
3102	-30,7522	
3103	-30,6951	
3104	-30,6555	
3105	-30,6151	
3106	-30,5132	
3107	-30,4948	
3108	-30,4057	
3109	-30,3426	
3110	-30,2609	
3111	-30,1774	
3112	-30,1253	
3113	-30,0361	
3114	-29,8956	
3115	-29,771	
3116	-29,6504	
3117	-29,5202	
3118	-29,3648	
3119	-29,218	
3120	-29,0752	
3121	-28,9013	
3122	-28,7214	
3123	-28,5448	
3124	-28,3556	
3125	-28,1402	
3126	-27,9239	
3127	-27,6676	
3128	-27,4039	
3129	-27,1346	
3130	-26,8227	
3131	-26,4837	
3132	-26,0568	
3133	-25,5481	
3134	-24,9627	
3135	-24,2826	
3136	-23,5419	
3137	-22,721	
3138	-21,8118	
3139	-20,8409	
3140	-19,8864	
3141	-18,9829	
3142	-18,2725	
3143	-17,9073	
3144	-18,0961	
3145	-19,0672	
3146	-20,8458	
3147	-23,0435	
3148	-25,0951	
3149	-26,8105	
3150	-28,2521	
3151	-29,6335	
3152	-31,0022	
3153	-32,2981	
3154	-33,5506	
3155	-34,706	
3156	-35,8885	
3157	-36,9444	
3158	-38,1028	
3159	-39,2081	
3160	-40,3823	
3161	-41,6088	
3162	-43,0543	
3163	-44,4725	
3164	-46,2256	
3165	-47,6546	
3166	-48,8654	
3167	-50,1678	
3168	-51,3445	
3169	-51,2438	
3170	-50,173	
3171	-49,296	
3172	-48,3887	
3173	-47,9062	
3174	-47,7533	
3175	-46,8428	
3176	-45,7778	
3177	-44,1978	
3178	-42,9026	
3179	-41,7503	
3180	-41,0792	
3181	-40,6143	
3182	-40,0477	
3183	-39,0935	
3184	-37,7537	
3185	-36,2963	
3186	-34,8741	
3187	-33,7541	
3188	-32,9421	
3189	-32,4648	
3190	-32,3918	
3191	-32,6887	
3192	-33,3671	
3193	-34,4847	
3194	-36,0071	
3195	-37,8638	
3196	-39,7599	
3197	-41,0777	
3198	-41,7944	
3199	-42,1512	
3200	-42,4182	
3201	-43,0074	
3202	-43,8366	
3203	-44,7223	
3204	-45,4338	
3205	-45,9147	
3206	-46,0229	
3207	-46,1772	
3208	-46,39	
3209	-46,8416	
3210	-46,9206	
3211	-46,8282	
3212	-46,3687	
3213	-45,5287	
3214	-45,0561	
3215	-44,5483	
3216	-44,5205	
3217	-44,4527	
3218	-44,0235	
3219	-43,0756	
3220	-41,8437	
3221	-40,5424	
3222	-39,264	
3223	-38,2844	
3224	-38,1539	
3225	-38,8838	
3226	-40,1919	
3227	-41,2508	
3228	-42,1544	
3229	-42,8274	
3230	-43,4336	
3231	-44,0272	
3232	-44,4905	
3233	-44,5986	
3234	-44,8024	
3235	-44,9843	
3236	-44,7891	
3237	-44,7334	
3238	-44,5851	
3239	-44,5905	
3240	-44,1952	
3241	-43,996	
3242	-43,6244	
3243	-43,2635	
3244	-42,9534	
3245	-42,7276	
3246	-42,6196	
3247	-42,5118	
3248	-42,484	
3249	-42,418	
3250	-42,1731	
3251	-42,0471	
3252	-42,0034	
3253	-41,6301	
3254	-41,3167	
3255	-40,837	
3256	-40,3722	
3257	-40,282	
3258	-40,3468	
3259	-40,5074	
3260	-40,7679	
3261	-40,7906	
3262	-40,7545	
3263	-40,6471	
3264	-40,5813	
3265	-40,3938	
3266	-40,2	
3267	-40,0232	
3268	-39,7118	
3269	-39,3666	
3270	-39,0916	
3271	-38,8365	
3272	-38,8845	
3273	-38,913	
3274	-39,0137	
3275	-38,9439	
3276	-38,8703	
3277	-38,8467	
3278	-38,7703	
3279	-38,6262	
3280	-38,5221	
3281	-38,4696	
3282	-38,3752	
3283	-38,2758	
3284	-38,1509	
3285	-37,9941	
3286	-37,9556	
3287	-37,8197	
3288	-37,7067	
3289	-37,5768	
3290	-37,4855	
3291	-37,3464	
3292	-37,2248	
3293	-37,0928	
3294	-36,9211	
3295	-36,7748	
3296	-36,7448	
3297	-36,5679	
3298	-36,4875	
3299	-36,3374	
3300	-36,1731	
3301	-36,0037	
3302	-35,9296	
3303	-35,7857	
3304	-35,6758	
3305	-35,6343	
3306	-35,5025	
3307	-35,3463	
3308	-35,206	
3309	-35,1218	
3310	-34,9735	
3311	-34,9075	
3312	-34,8167	
3313	-34,64	
3314	-34,5955	
3315	-34,453	
3316	-34,3178	
3317	-34,1047	
3318	-33,9889	
3319	-33,8285	
3320	-33,6687	
3321	-33,53	
3322	-33,356	
3323	-33,2002	
3324	-33,0264	
3325	-32,8306	
3326	-32,6759	
3327	-32,5153	
3328	-32,3291	
3329	-32,1404	
3330	-31,8756	
3331	-31,6505	
3332	-31,3949	
3333	-31,1193	
3334	-30,8768	
3335	-30,7379	
3336	-30,9687	
3337	-31,9421	
3338	-34,2943	
3339	-37,3439	
3340	-37,5846	
3341	-36,5641	
3342	-35,7281	
3343	-35,0491	
3344	-34,559	
3345	-34,2479	
3346	-33,9138	
3347	-33,6569	
3348	-33,4277	
3349	-33,1804	
3350	-32,9805	
3351	-32,8488	
3352	-32,7222	
3353	-32,5912	
3354	-32,4291	
3355	-32,2622	
3356	-32,1642	
3357	-32,0445	
3358	-31,9056	
3359	-31,8034	
3360	-31,6283	
3361	-31,5544	
3362	-31,4777	
3363	-31,3801	
3364	-31,3038	
3365	-31,1709	
3366	-31,0714	
3367	-31,0095	
3368	-30,9189	
3369	-30,789	
3370	-30,6734	
3371	-30,5765	
3372	-30,4876	
3373	-30,381	
3374	-30,3063	
3375	-30,2105	
3376	-30,1451	
3377	-30,0539	
3378	-30,0175	
3379	-29,9184	
3380	-29,8267	
3381	-29,7517	
3382	-29,6863	
3383	-29,5745	
3384	-29,525	
3385	-29,429	
3386	-29,3126	
3387	-29,2311	
3388	-29,1637	
3389	-29,0877	
3390	-29,0135	
3391	-28,901	
3392	-28,8265	
3393	-28,7234	
3394	-28,6338	
3395	-28,5115	
3396	-28,4242	
3397	-28,3202	
3398	-28,2707	
3399	-28,1891	
3400	-28,1607	
3401	-28,0609	
3402	-27,9895	
3403	-27,9227	
3404	-27,8494	
3405	-27,7492	
3406	-27,6798	
3407	-27,6212	
3408	-27,5607	
3409	-27,4631	
3410	-27,3831	
3411	-27,3126	
3412	-27,2327	
3413	-27,1693	
3414	-27,1259	
3415	-27,0809	
3416	-27,0489	
3417	-27,0547	
3418	-27,0261	
3419	-26,9946	
3420	-26,9324	
3421	-26,7949	
3422	-26,7108	
3423	-26,629	
3424	-26,5477	
3425	-26,5011	
3426	-26,453	
3427	-26,3662	
3428	-26,2907	
3429	-26,2304	
3430	-26,1298	
3431	-26,0939	
3432	-26,0127	
3433	-25,9334	
3434	-25,8839	
3435	-25,8372	
3436	-25,8012	
3437	-25,747	
3438	-25,6996	
3439	-25,6315	
3440	-25,565	
3441	-25,4925	
3442	-25,4239	
3443	-25,3533	
3444	-25,2984	
3445	-25,28	
3446	-25,2288	
3447	-25,1758	
3448	-25,1039	
3449	-25,0452	
3450	-24,9815	
3451	-24,912	
3452	-24,8304	
3453	-24,7668	
3454	-24,6853	
3455	-24,6141	
3456	-24,5455	
3457	-24,452	
3458	-24,3951	
3459	-24,3306	
3460	-24,2619	
3461	-24,206	
3462	-24,1362	
3463	-24,0714	
3464	-24,004	
3465	-23,9346	
3466	-23,8547	
3467	-23,7942	
3468	-23,7237	
3469	-23,6583	
3470	-23,5753	
3471	-23,5068	
3472	-23,4892	
3473	-23,4423	
3474	-23,3752	
3475	-23,303	
3476	-23,2526	
3477	-23,1707	
3478	-23,1116	
3479	-23,0559	
3480	-22,9814	
3481	-22,9119	
3482	-22,834	
3483	-22,7436	
3484	-22,677	
3485	-22,5971	
3486	-22,5397	
3487	-22,4661	
3488	-22,3911	
3489	-22,3236	
3490	-22,2613	
3491	-22,1908	
3492	-22,1058	
3493	-22,0426	
3494	-21,9843	
3495	-21,9052	
3496	-21,8437	
3497	-21,7769	
3498	-21,713	
3499	-21,6254	
3500	-21,5423	
3501	-21,4786	
3502	-21,4025	
3503	-21,3275	
3504	-21,2462	
3505	-21,1488	
3506	-21,0687	
3507	-20,9622	
3508	-20,8571	
3509	-20,7378	
3510	-20,6046	
3511	-20,4646	
3512	-20,3212	
3513	-20,1858	
3514	-20,046	
3515	-19,9041	
3516	-19,7573	
3517	-19,5822	
3518	-19,3798	
3519	-19,1371	
3520	-18,8359	
3521	-18,5068	
3522	-18,1693	
3523	-17,9262	
3524	-18,0658	
3525	-19,799	
3526	-25,6074	
3527	-26,7192	
3528	-24,6884	
3529	-23,5335	
3530	-22,8633	
3531	-22,3899	
3532	-22,0329	
3533	-21,7389	
3534	-21,5133	
3535	-21,2932	
3536	-21,1176	
3537	-20,9765	
3538	-20,8304	
3539	-20,6982	
3540	-20,5948	
3541	-20,4847	
3542	-20,3985	
3543	-20,3136	
3544	-20,2362	
3545	-20,1471	
3546	-20,0591	
3547	-19,943	
3548	-19,8454	
3549	-19,7223	
3550	-19,6052	
3551	-19,5034	
3552	-19,4126	
3553	-19,3402	
3554	-19,2679	
3555	-19,1911	
3556	-19,0923	
3557	-19,0046	
3558	-18,9092	
3559	-18,8236	
3560	-18,7524	
3561	-18,6825	
3562	-18,6175	
3563	-18,5734	
3564	-18,5378	
3565	-18,5031	
3566	-18,4523	
3567	-18,391	
3568	-18,3228	
3569	-18,2579	
3570	-18,1818	
3571	-18,1209	
3572	-18,0602	
3573	-18,0021	
3574	-17,945	
3575	-17,8695	
3576	-17,7962	
3577	-17,7222	
3578	-17,6581	
3579	-17,6027	
3580	-17,5457	
3581	-17,5013	
3582	-17,4498	
3583	-17,3889	
3584	-17,3305	
3585	-17,2656	
3586	-17,1957	
3587	-17,1198	
3588	-17,0532	
3589	-16,9985	
3590	-16,9381	
3591	-16,8823	
3592	-16,8018	
3593	-16,7299	
3594	-16,6649	
3595	-16,6151	
3596	-16,5576	
3597	-16,493	
3598	-16,4232	
3599	-16,3576	
3600	-16,298	
3601	-16,2381	
3602	-16,1668	
3603	-16,1076	
3604	-16,0535	
3605	-15,986	
3606	-15,9182	
3607	-15,8566	
3608	-15,8036	
3609	-15,7533	
3610	-15,7233	
3611	-15,6902	
3612	-15,6173	
3613	-15,493	
3614	-15,365	
3615	-15,2686	
3616	-15,1837	
3617	-15,1034	
3618	-15,0146	
3619	-14,917	
3620	-14,8006	
3621	-14,6659	
3622	-14,5266	
3623	-14,3798	
3624	-14,2182	
3625	-14,0519	
3626	-13,9072	
3627	-13,7997	
3628	-13,7573	
3629	-13,7594	
3630	-13,7908	
3631	-13,828	
3632	-13,8576	
3633	-13,8676	
3634	-13,8673	
3635	-13,8452	
3636	-13,8047	
3637	-13,7562	
3638	-13,7037	
3639	-13,6557	
3640	-13,5998	
3641	-13,5439	
3642	-13,4859	
3643	-13,4259	
3644	-13,3582	
3645	-13,295	
3646	-13,232	
3647	-13,1621	
3648	-13,0949	
3649	-13,0304	
3650	-12,9662	
3651	-12,9006	
3652	-12,8277	
3653	-12,7617	
3654	-12,6901	
3655	-12,6249	
3656	-12,5566	
3657	-12,4839	
3658	-12,4111	
3659	-12,3423	
3660	-12,2701	
3661	-12,2039	
3662	-12,1358	
3663	-12,0618	
3664	-11,9838	
3665	-11,9084	
3666	-11,8318	
3667	-11,7511	
3668	-11,6744	
3669	-11,5937	
3670	-11,5121	
3671	-11,4316	
3672	-11,3511	
3673	-11,271	
3674	-11,1911	
3675	-11,1125	
3676	-11,0295	
3677	-10,9519	
3678	-10,8648	
3679	-10,7741	
3680	-10,6841	
3681	-10,5883	
3682	-10,4926	
3683	-10,3966	
3684	-10,3054	
3685	-10,2232	
3686	-10,159	
3687	-10,0977	
3688	-10,0413	
3689	-9,98188	
3690	-9,91749	
3691	-9,85127	
3692	-9,77954	
3693	-9,71111	
3694	-9,63959	
3695	-9,56948	
3696	-9,49425	
3697	-9,41547	
3698	-9,33093	
3699	-9,24899	
3700	-9,16565	
3701	-9,08312	
3702	-8,99716	
3703	-8,91541	
3704	-8,82762	
3705	-8,74369	
3706	-8,66305	
3707	-8,58047	
3708	-8,49105	
3709	-8,40144	
3710	-8,31488	
3711	-8,22529	
3712	-8,13283	
3713	-8,04022	
3714	-7,95252	
3715	-7,86494	
3716	-7,77725	
3717	-7,68563	
3718	-7,59519	
3719	-7,50143	
3720	-7,40468	
3721	-7,30891	
3722	-7,21389	
3723	-7,11952	
3724	-7,02637	
3725	-6,93098	
3726	-6,83748	
3727	-6,73902	
3728	-6,64121	
3729	-6,53689	
3730	-6,43858	
3731	-6,33787	
3732	-6,23743	
3733	-6,13806	
3734	-6,03231	
3735	-5,9288	
3736	-5,82714	
3737	-5,72219	
3738	-5,61455	
3739	-5,50775	
3740	-5,40129	
3741	-5,29077	
3742	-5,18384	
3743	-5,07609	
3744	-4,96253	
3745	-4,84819	
3746	-4,73458	
3747	-4,61899	
3748	-4,50518	
3749	-4,38912	
3750	-4,27146	
3751	-4,15675	
3752	-4,04258	
3753	-3,9308	
3754	-3,81947	
3755	-3,70796	
3756	-3,59406	
3757	-3,46831	
3758	-3,33213	
3759	-3,18676	
3760	-3,04113	
3761	-2,90243	
3762	-2,76716	
3763	-2,63041	
3764	-2,49262	
3765	-2,35141	
3766	-2,21108	
3767	-2,07021	
3768	-1,92939	
3769	-1,78887	
3770	-1,6458	
3771	-1,49841	
3772	-1,34549	
3773	-1,19193	
3774	-1,03579	
3775	-0,87716	
3776	-0,715477	
3777	-0,552441	
3778	-0,386984	
3779	-0,21858	
3780	-0,0460324	
3781	0,127619	
3782	0,303105	
3783	0,480412	
3784	0,662172	
3785	0,84919	
3786	1,0372	
3787	1,22794	
3788	1,42064	
3789	1,61572	
3790	1,81639	
3791	2,02187	
3792	2,23514	
3793	2,45415	
3794	2,67621	
3795	2,90464	
3796	3,13749	
3797	3,37117	
3798	3,60149	
3799	3,82339	
3800	4,04493	
3801	4,28492	
3802	4,55549	
3803	4,84918	
3804	5,15194	
3805	5,45823	
3806	5,77113	
3807	6,08933	
3808	6,40846	
3809	6,73125	
3810	7,06089	
3811	7,40275	
3812	7,76074	
3813	8,1357	
3814	8,52756	
3815	8,93835	
3816	9,36935	
3817	9,81888	
3818	10,2866	
3819	10,7761	
3820	11,2939	
3821	11,8447	
3822	12,4305	
3823	13,0556	
3824	13,7263	
3825	14,4476	
3826	15,223	
3827	16,0636	
3828	16,9835	
3829	17,9938	
3830	19,1029	
3831	20,3216	
3832	21,6576	
3833	23,1073	
3834	24,6526	
3835	26,2402	
3836	27,7014	
3837	28,5534	
3838	27,9898	
3839	25,9927	
3840	23,7645	
3841	21,9232	
3842	20,4354	
3843	19,1782	
3844	18,0772	
3845	17,0948	
3846	16,2115	
3847	15,4141	
3848	14,6862	
3849	14,016	
3850	13,3917	
3851	12,8065	
3852	12,2554	
3853	11,7358	
3854	11,2493	
3855	10,7947	
3856	10,3649	
3857	9,95608	
3858	9,56694	
3859	9,19457	
3860	8,83614	
3861	8,49302	
3862	8,16601	
3863	7,85116	
3864	7,54602	
3865	7,25108	
3866	6,9674	
3867	6,69176	
3868	6,42708	
3869	6,16999	
3870	5,92201	
3871	5,68354	
3872	5,458	
3873	5,24774	
3874	5,05002	
3875	4,85726	
3876	4,66198	
3877	4,46337	
3878	4,26455	
3879	4,06925	
3880	3,87948	
3881	3,6959	
3882	3,51604	
3883	3,34147	
3884	3,17266	
3885	3,00819	
3886	2,84277	
3887	2,68164	
3888	2,52839	
3889	2,37864	
3890	2,22842	
3891	2,07993	
3892	1,9359	
3893	1,79632	
3894	1,65778	
3895	1,52441	
3896	1,39222	
3897	1,2614	
3898	1,13301	
3899	1,00807	
3900	0,886525	
3901	0,765946	
3902	0,648771	
3903	0,531249	
3904	0,416344	
3905	0,304083	
3906	0,192082	
3907	0,0819321	
3908	-0,0274438	
3909	-0,13394	
3910	-0,236334	
3911	-0,339714	
3912	-0,439692	
3913	-0,538407	
3914	-0,635962	
3915	-0,733441	
3916	-0,830043	
3917	-0,923947	
3918	-1,01723	
3919	-1,10948	
3920	-1,20085	
3921	-1,28793	
3922	-1,37608	
3923	-1,4622	
3924	-1,5477	
3925	-1,63337	
3926	-1,71763	
3927	-1,8023	
3928	-1,87941	
3929	-1,96067	
3930	-2,04193	
3931	-2,12112	
3932	-2,19955	
3933	-2,27809	
3934	-2,35728	
3935	-2,43454	
3936	-2,51143	
3937	-2,58889	
3938	-2,65947	
3939	-2,73014	
3940	-2,79649	
3941	-2,86161	
3942	-2,92785	
3943	-2,99399	
3944	-3,06224	
3945	-3,13231	
3946	-3,20139	
3947	-3,27517	
3948	-3,35283	
3949	-3,4269	
3950	-3,50073	
3951	-3,56383	
3952	-3,61313	
3953	-3,65446	
3954	-3,70345	
3955	-3,75738	
3956	-3,81455	
3957	-3,87595	
3958	-3,93394	
3959	-3,98779	
3960	-4,0433	
3961	-4,09891	
3962	-4,15478	
3963	-4,20891	
3964	-4,26474	
3965	-4,31635	
3966	-4,36623	
3967	-4,41608	
3968	-4,4666	
3969	-4,51657	
3970	-4,56991	
3971	-4,62107	
3972	-4,67308	
3973	-4,72083	
3974	-4,77153	
3975	-4,81704	
3976	-4,86714	
3977	-4,91365	
3978	-4,9608	
3979	-5,01379	
3980	-5,06723	
3981	-5,11799	
3982	-5,15813	
3983	-5,19796	
3984	-5,24287	
3985	-5,28849	
3986	-5,33228	
3987	-5,37692	
3988	-5,42252	
3989	-5,46906	
3990	-5,51603	
3991	-5,56047	
3992	-5,60184	
3993	-5,64406	
3994	-5,68236	
3995	-5,72168	
3996	-5,76308	
3997	-5,80434	
3998	-5,8429	
3999	-5,88001	
4000	-5,9175	
