Frekvenca [Hz] - Frekv. prenosna funkcija	Amplituda frekv. prenosne funkcije [dB] - Frekv. prenosna funkcija	
0	-0,423103	
1	-8,99231	
2	-9,39857	
3	-9,94463	
4	-14,0324	
5	-15,8534	
6	-16,897	
7	-17,6642	
8	-18,0139	
9	-18,3188	
10	-18,5848	
11	-18,8541	
12	-18,9029	
13	-18,2589	
14	-18,324	
15	-18,5457	
16	-18,6915	
17	-18,7992	
18	-18,8695	
19	-18,9225	
20	-18,9831	
21	-19,0425	
22	-19,0777	
23	-19,101	
24	-19,1092	
25	-19,1585	
26	-19,2042	
27	-19,1923	
28	-19,2023	
29	-19,2261	
30	-19,2561	
31	-19,2933	
32	-19,3174	
33	-19,3054	
34	-19,3299	
35	-19,3504	
36	-19,348	
37	-19,3251	
38	-19,2973	
39	-19,2548	
40	-19,2426	
41	-19,2482	
42	-19,2531	
43	-19,2655	
44	-19,2749	
45	-19,2907	
46	-19,2986	
47	-19,3013	
48	-19,3088	
49	-19,3287	
50	-19,3488	
51	-19,3459	
52	-19,3426	
53	-19,3509	
54	-19,3557	
55	-19,3654	
56	-19,3638	
57	-19,3694	
58	-19,3681	
59	-19,3667	
60	-19,3776	
61	-19,3676	
62	-19,3819	
63	-19,3727	
64	-19,3833	
65	-19,3947	
66	-19,3893	
67	-19,3895	
68	-19,3927	
69	-19,4053	
70	-19,3923	
71	-19,4012	
72	-19,3905	
73	-19,3955	
74	-19,3975	
75	-19,4062	
76	-19,4121	
77	-19,4001	
78	-19,3989	
79	-19,396	
80	-19,4011	
81	-19,4049	
82	-19,4015	
83	-19,4035	
84	-19,4045	
85	-19,3999	
86	-19,4043	
87	-19,42	
88	-19,4053	
89	-19,4046	
90	-19,3986	
91	-19,4056	
92	-19,4016	
93	-19,4004	
94	-19,4021	
95	-19,4031	
96	-19,3966	
97	-19,4065	
98	-19,3994	
99	-19,3991	
100	-19,4027	
101	-19,3959	
102	-19,4054	
103	-19,4011	
104	-19,402	
105	-19,4032	
106	-19,4164	
107	-19,407	
108	-19,4035	
109	-19,413	
110	-19,3922	
111	-19,3989	
112	-19,3951	
113	-19,4057	
114	-19,3996	
115	-19,3961	
116	-19,3929	
117	-19,3961	
118	-19,3954	
119	-19,396	
120	-19,3902	
121	-19,3993	
122	-19,4059	
123	-19,3948	
124	-19,4019	
125	-19,4041	
126	-19,3995	
127	-19,3986	
128	-19,402	
129	-19,4051	
130	-19,4112	
131	-19,4125	
132	-19,4181	
133	-19,415	
134	-19,4249	
135	-19,4242	
136	-19,4268	
137	-19,4319	
138	-19,4279	
139	-19,4275	
140	-19,4332	
141	-19,4304	
142	-19,4443	
143	-19,4573	
144	-19,4671	
145	-19,4813	
146	-19,4957	
147	-19,5096	
148	-19,5176	
149	-19,527	
150	-19,5495	
151	-19,548	
152	-19,5635	
153	-19,573	
154	-19,595	
155	-19,607	
156	-19,6205	
157	-19,6444	
158	-19,6495	
159	-19,6709	
160	-19,6898	
161	-19,7151	
162	-19,7325	
163	-19,7485	
164	-19,7824	
165	-19,8247	
166	-19,8446	
167	-19,8629	
168	-19,8888	
169	-19,9233	
170	-19,9489	
171	-19,9852	
172	-20,0186	
173	-20,0591	
174	-20,1015	
175	-20,1562	
176	-20,1998	
177	-20,2393	
178	-20,2826	
179	-20,3309	
180	-20,3884	
181	-20,4603	
182	-20,5198	
183	-20,5784	
184	-20,6518	
185	-20,7335	
186	-20,8083	
187	-20,8995	
188	-21,0099	
189	-21,1163	
190	-21,2192	
191	-21,315	
192	-21,4472	
193	-21,5734	
194	-21,7236	
195	-21,856	
196	-22,0578	
197	-22,2456	
198	-22,4785	
199	-22,6829	
200	-22,9869	
201	-23,2412	
202	-23,6483	
203	-23,9483	
204	-24,4889	
205	-24,904	
206	-25,5552	
207	-26,1581	
208	-27,0818	
209	-28,0664	
210	-29,423	
211	-31,4194	
212	-33,6095	
213	-37,3098	
214	-38,5129	
215	-34,1235	
216	-29,5323	
217	-25,7714	
218	-22,3749	
219	-19,3713	
220	-16,4161	
221	-13,374	
222	-10,0445	
223	-6,07822	
224	-0,665777	
225	8,17563	
226	6,90567	
227	0,437324	
228	-3,02576	
229	-5,20567	
230	-6,84737	
231	-7,96161	
232	-8,73971	
233	-9,67209	
234	-10,332	
235	-10,7141	
236	-11,2142	
237	-11,6352	
238	-12,0312	
239	-12,2893	
240	-12,4756	
241	-12,868	
242	-13,0664	
243	-13,1926	
244	-13,4239	
245	-13,5814	
246	-13,7464	
247	-13,8616	
248	-14,045	
249	-14,1628	
250	-14,2393	
251	-14,3818	
252	-14,4544	
253	-14,582	
254	-14,6457	
255	-14,7409	
256	-14,8244	
257	-14,9036	
258	-14,9934	
259	-15,0214	
260	-15,0804	
261	-15,1022	
262	-15,1579	
263	-15,1903	
264	-15,2425	
265	-15,28	
266	-15,3279	
267	-15,3729	
268	-15,4199	
269	-15,4577	
270	-15,4992	
271	-15,5361	
272	-15,5663	
273	-15,593	
274	-15,6176	
275	-15,643	
276	-15,6751	
277	-15,6984	
278	-15,7184	
279	-15,7432	
280	-15,764	
281	-15,7859	
282	-15,8021	
283	-15,8195	
284	-15,8418	
285	-15,8635	
286	-15,8736	
287	-15,8867	
288	-15,8968	
289	-15,9134	
290	-15,9223	
291	-15,9356	
292	-15,944	
293	-15,9588	
294	-15,9706	
295	-15,9779	
296	-15,9846	
297	-15,986	
298	-15,9902	
299	-16,0045	
300	-16,0165	
301	-16,02	
302	-16,0225	
303	-16,0263	
304	-16,0241	
305	-16,0426	
306	-16,0421	
307	-16,0448	
308	-16,044	
309	-16,0429	
310	-16,0469	
311	-16,0497	
312	-16,0503	
313	-16,0552	
314	-16,0502	
315	-16,0498	
316	-16,0461	
317	-16,0472	
318	-16,0484	
319	-16,043	
320	-16,0412	
321	-16,0409	
322	-16,0378	
323	-16,0355	
324	-16,0234	
325	-16,0255	
326	-16,0254	
327	-16,0186	
328	-16,0161	
329	-16,0113	
330	-16,0038	
331	-15,9995	
332	-15,9886	
333	-15,9853	
334	-15,9789	
335	-15,9715	
336	-15,9601	
337	-15,9612	
338	-15,9553	
339	-15,9455	
340	-15,9396	
341	-15,9323	
342	-15,9263	
343	-15,9215	
344	-15,9114	
345	-15,8973	
346	-15,897	
347	-15,8948	
348	-15,8802	
349	-15,8759	
350	-15,8719	
351	-15,8723	
352	-15,8762	
353	-15,8776	
354	-15,8778	
355	-15,8787	
356	-15,8774	
357	-15,8685	
358	-15,8485	
359	-15,8299	
360	-15,8213	
361	-15,8177	
362	-15,8207	
363	-15,8456	
364	-15,8868	
365	-15,9118	
366	-15,8779	
367	-15,7955	
368	-15,731	
369	-15,6894	
370	-15,6631	
371	-15,6411	
372	-15,6235	
373	-15,6073	
374	-15,5955	
375	-15,5751	
376	-15,5646	
377	-15,5422	
378	-15,5389	
379	-15,5239	
380	-15,5075	
381	-15,4894	
382	-15,4787	
383	-15,4618	
384	-15,4443	
385	-15,4255	
386	-15,3993	
387	-15,3653	
388	-15,2861	
389	-15,3254	
390	-15,3456	
391	-15,3351	
392	-15,3268	
393	-15,3078	
394	-15,2958	
395	-15,2829	
396	-15,2715	
397	-15,2577	
398	-15,236	
399	-15,2212	
400	-15,2108	
401	-15,1941	
402	-15,1768	
403	-15,1567	
404	-15,1458	
405	-15,1265	
406	-15,111	
407	-15,0978	
408	-15,0767	
409	-15,0622	
410	-15,0446	
411	-15,0253	
412	-15,0122	
413	-14,9931	
414	-14,9722	
415	-14,952	
416	-14,9308	
417	-14,9152	
418	-14,8954	
419	-14,8771	
420	-14,8597	
421	-14,8369	
422	-14,821	
423	-14,8019	
424	-14,7815	
425	-14,7631	
426	-14,7411	
427	-14,7252	
428	-14,7029	
429	-14,6866	
430	-14,6659	
431	-14,644	
432	-14,6261	
433	-14,613	
434	-14,5954	
435	-14,5753	
436	-14,5596	
437	-14,5415	
438	-14,5313	
439	-14,5086	
440	-14,4898	
441	-14,4663	
442	-14,4422	
443	-14,4122	
444	-14,3774	
445	-14,3537	
446	-14,3179	
447	-14,2855	
448	-14,2554	
449	-14,2265	
450	-14,188	
451	-14,1384	
452	-14,1359	
453	-14,1189	
454	-14,2414	
455	-14,0951	
456	-14,0517	
457	-14,01	
458	-13,9697	
459	-13,948	
460	-13,9205	
461	-13,8829	
462	-13,8501	
463	-13,8193	
464	-13,7922	
465	-13,7629	
466	-13,7256	
467	-13,6957	
468	-13,6631	
469	-13,6317	
470	-13,6	
471	-13,5623	
472	-13,5321	
473	-13,5025	
474	-13,4641	
475	-13,4322	
476	-13,3966	
477	-13,359	
478	-13,3237	
479	-13,2895	
480	-13,2554	
481	-13,2196	
482	-13,1876	
483	-13,1526	
484	-13,1116	
485	-13,0674	
486	-13,0254	
487	-12,9918	
488	-12,9562	
489	-12,91	
490	-12,8705	
491	-12,8285	
492	-12,7908	
493	-12,75	
494	-12,71	
495	-12,665	
496	-12,6229	
497	-12,579	
498	-12,5347	
499	-12,4873	
500	-12,4427	
501	-12,3979	
502	-12,3541	
503	-12,3084	
504	-12,2612	
505	-12,2123	
506	-12,1648	
507	-12,1171	
508	-12,0696	
509	-12,0211	
510	-11,9685	
511	-11,9193	
512	-11,8676	
513	-11,8192	
514	-11,7617	
515	-11,7057	
516	-11,6527	
517	-11,6012	
518	-11,5486	
519	-11,4903	
520	-11,4309	
521	-11,3754	
522	-11,315	
523	-11,2586	
524	-11,1973	
525	-11,1329	
526	-11,0693	
527	-11,0064	
528	-10,9434	
529	-10,8779	
530	-10,8111	
531	-10,7459	
532	-10,6722	
533	-10,6062	
534	-10,5368	
535	-10,4665	
536	-10,3967	
537	-10,3228	
538	-10,2488	
539	-10,1757	
540	-10,0993	
541	-10,0225	
542	-9,9429	
543	-9,86286	
544	-9,77946	
545	-9,69591	
546	-9,61069	
547	-9,5249	
548	-9,43894	
549	-9,34705	
550	-9,25635	
551	-9,16531	
552	-9,06206	
553	-8,96849	
554	-8,87169	
555	-8,76974	
556	-8,66659	
557	-8,55974	
558	-8,45178	
559	-8,34515	
560	-8,2309	
561	-8,11867	
562	-7,99851	
563	-7,88012	
564	-7,75992	
565	-7,63369	
566	-7,50845	
567	-7,37406	
568	-7,23699	
569	-7,09018	
570	-6,94071	
571	-6,78792	
572	-6,62979	
573	-6,46828	
574	-6,30223	
575	-6,13439	
576	-5,9601	
577	-5,77923	
578	-5,59462	
579	-5,40207	
580	-5,20273	
581	-4,99694	
582	-4,78266	
583	-4,5614	
584	-4,32409	
585	-4,07487	
586	-3,81368	
587	-3,5419	
588	-3,24989	
589	-2,95143	
590	-2,65032	
591	-2,36635	
592	-2,04393	
593	-1,69673	
594	-1,30578	
595	-0,925019	
596	-0,490315	
597	-0,0434614	
598	0,442072	
599	0,933449	
600	1,48493	
601	2,12871	
602	2,7345	
603	3,45164	
604	4,28059	
605	5,25248	
606	6,17403	
607	7,38423	
608	8,90892	
609	10,4698	
610	12,5478	
611	15,3317	
612	19,0792	
613	23,864	
614	25,6684	
615	18,9755	
616	14,565	
617	11,5047	
618	9,28074	
619	7,4059	
620	6,04805	
621	4,79928	
622	3,44317	
623	2,295	
624	1,45271	
625	0,712001	
626	-0,0558215	
627	-0,907012	
628	-1,58803	
629	-2,17425	
630	-2,84191	
631	-3,46744	
632	-4,05506	
633	-4,60074	
634	-5,08893	
635	-5,67045	
636	-6,18944	
637	-6,6114	
638	-7,08716	
639	-7,56767	
640	-8,04027	
641	-8,49411	
642	-8,89774	
643	-9,35403	
644	-9,78533	
645	-10,1355	
646	-10,5311	
647	-10,9079	
648	-11,2595	
649	-11,6378	
650	-11,9857	
651	-12,3755	
652	-12,7573	
653	-13,092	
654	-13,4796	
655	-13,825	
656	-14,1655	
657	-14,5457	
658	-14,8623	
659	-15,2357	
660	-15,5941	
661	-15,9255	
662	-16,3178	
663	-16,6531	
664	-17,0171	
665	-17,3723	
666	-17,7131	
667	-18,0933	
668	-18,4273	
669	-18,7916	
670	-19,1574	
671	-19,515	
672	-19,8975	
673	-20,2591	
674	-20,6564	
675	-21,0372	
676	-21,4437	
677	-21,8033	
678	-22,2205	
679	-22,643	
680	-23,0576	
681	-23,5075	
682	-23,9155	
683	-24,3587	
684	-24,8153	
685	-25,2872	
686	-25,7837	
687	-26,3238	
688	-26,8489	
689	-27,4024	
690	-27,9746	
691	-28,5978	
692	-29,214	
693	-29,8669	
694	-30,5584	
695	-31,2966	
696	-32,0814	
697	-32,8827	
698	-33,6912	
699	-34,685	
700	-35,7235	
701	-36,9824	
702	-38,4689	
703	-40,1658	
704	-42,1216	
705	-44,6424	
706	-48,085	
707	-53,704	
708	-62,9878	
709	-54,3979	
710	-48,6776	
711	-45,4119	
712	-42,9312	
713	-40,9435	
714	-39,5307	
715	-38,2853	
716	-37,2639	
717	-36,2219	
718	-35,3075	
719	-34,531	
720	-33,8009	
721	-33,2044	
722	-32,6764	
723	-32,1636	
724	-31,5812	
725	-31,1023	
726	-30,6475	
727	-30,2663	
728	-29,9159	
729	-29,5742	
730	-29,2466	
731	-28,8526	
732	-28,4442	
733	-28,0083	
734	-27,6238	
735	-27,3308	
736	-27,0676	
737	-26,861	
738	-26,6244	
739	-26,4244	
740	-26,2117	
741	-25,9899	
742	-25,7697	
743	-25,5649	
744	-25,3641	
745	-25,1572	
746	-24,959	
747	-24,7545	
748	-24,55	
749	-24,3241	
750	-24,0509	
751	-23,7063	
752	-23,3519	
753	-23,0036	
754	-22,8722	
755	-22,9948	
756	-23,0932	
757	-23,0301	
758	-22,9335	
759	-22,8097	
760	-22,7005	
761	-22,5855	
762	-22,4833	
763	-22,3729	
764	-22,2919	
765	-22,1722	
766	-22,0539	
767	-21,9247	
768	-21,8086	
769	-21,6786	
770	-21,5646	
771	-21,4463	
772	-21,3452	
773	-21,2276	
774	-21,1216	
775	-21,012	
776	-20,9123	
777	-20,801	
778	-20,686	
779	-20,6001	
780	-20,5012	
781	-20,4126	
782	-20,3036	
783	-20,2072	
784	-20,1094	
785	-20,0158	
786	-19,909	
787	-19,8118	
788	-19,7228	
789	-19,6199	
790	-19,5328	
791	-19,4443	
792	-19,3508	
793	-19,2581	
794	-19,1799	
795	-19,1053	
796	-19,0431	
797	-18,9745	
798	-18,8792	
799	-18,7839	
800	-18,6936	
801	-18,6015	
802	-18,5152	
803	-18,4419	
804	-18,3608	
805	-18,2723	
806	-18,1717	
807	-18,0828	
808	-18,0139	
809	-17,9329	
810	-17,8404	
811	-17,7586	
812	-17,6804	
813	-17,5973	
814	-17,5251	
815	-17,444	
816	-17,3795	
817	-17,2955	
818	-17,2117	
819	-17,1332	
820	-17,0558	
821	-16,9675	
822	-16,8853	
823	-16,8083	
824	-16,7307	
825	-16,6525	
826	-16,5687	
827	-16,4825	
828	-16,4127	
829	-16,3458	
830	-16,2434	
831	-16,1783	
832	-16,1126	
833	-16,0394	
834	-15,9612	
835	-15,8798	
836	-15,7862	
837	-15,665	
838	-15,3832	
839	-14,786	
840	-15,3061	
841	-15,3769	
842	-15,3229	
843	-15,2501	
844	-15,1668	
845	-15,0779	
846	-14,9995	
847	-14,929	
848	-14,8633	
849	-14,8246	
850	-14,7546	
851	-14,661	
852	-14,5705	
853	-14,4797	
854	-14,3903	
855	-14,3069	
856	-14,2249	
857	-14,1479	
858	-14,0658	
859	-13,9764	
860	-13,8928	
861	-13,8274	
862	-13,7622	
863	-13,6934	
864	-13,6368	
865	-13,5825	
866	-13,5172	
867	-13,4395	
868	-13,3555	
869	-13,2569	
870	-13,1456	
871	-13,0576	
872	-12,9895	
873	-12,9196	
874	-12,8413	
875	-12,758	
876	-12,6774	
877	-12,5892	
878	-12,4983	
879	-12,4097	
880	-12,3197	
881	-12,2289	
882	-12,1362	
883	-12,0486	
884	-11,9477	
885	-11,848	
886	-11,7514	
887	-11,6542	
888	-11,5555	
889	-11,4562	
890	-11,3564	
891	-11,2595	
892	-11,1656	
893	-11,0782	
894	-10,9858	
895	-10,8897	
896	-10,7872	
897	-10,686	
898	-10,5838	
899	-10,4795	
900	-10,3736	
901	-10,2705	
902	-10,1641	
903	-10,0591	
904	-9,94586	
905	-9,83779	
906	-9,72676	
907	-9,61354	
908	-9,49731	
909	-9,37818	
910	-9,25795	
911	-9,13223	
912	-9,01	
913	-8,88514	
914	-8,76126	
915	-8,64276	
916	-8,52534	
917	-8,40615	
918	-8,27288	
919	-8,1318	
920	-7,99263	
921	-7,85403	
922	-7,71423	
923	-7,57136	
924	-7,42077	
925	-7,27086	
926	-7,11823	
927	-6,96012	
928	-6,79765	
929	-6,63468	
930	-6,47123	
931	-6,30526	
932	-6,13425	
933	-5,95863	
934	-5,77692	
935	-5,59683	
936	-5,41296	
937	-5,22197	
938	-5,02184	
939	-4,81353	
940	-4,61664	
941	-4,3825	
942	-4,15876	
943	-3,92659	
944	-3,68539	
945	-3,4368	
946	-3,18578	
947	-2,93079	
948	-2,6733	
949	-2,41083	
950	-2,14205	
951	-1,86056	
952	-1,56262	
953	-1,24549	
954	-0,907592	
955	-0,552098	
956	-0,177302	
957	0,220232	
958	0,636223	
959	1,06178	
960	1,49847	
961	1,9654	
962	2,47015	
963	3,00354	
964	3,56994	
965	4,17852	
966	4,83547	
967	5,55366	
968	6,34145	
969	7,20648	
970	8,1613	
971	9,22616	
972	10,4101	
973	11,7272	
974	13,2001	
975	14,8423	
976	16,6341	
977	18,4697	
978	20,0588	
979	20,8086	
980	19,9203	
981	17,3629	
982	14,6669	
983	12,5259	
984	10,7972	
985	9,38622	
986	8,17912	
987	7,11418	
988	6,15924	
989	5,29576	
990	4,50162	
991	3,76587	
992	3,08592	
993	2,45588	
994	1,86173	
995	1,29753	
996	0,763724	
997	0,269872	
998	-0,190142	
999	-0,643259	
1000	-1,09282	
1001	-1,58283	
1002	-2,30647	
1003	-2,41133	
1004	-2,75825	
1005	-3,13549	
1006	-3,56617	
1007	-4,01835	
1008	-4,42423	
1009	-4,72704	
1010	-4,96255	
1011	-5,26956	
1012	-5,4557	
1013	-5,53185	
1014	-5,76977	
1015	-6,04463	
1016	-6,3321	
1017	-6,61396	
1018	-6,87348	
1019	-7,11611	
1020	-7,36287	
1021	-7,61674	
1022	-7,83281	
1023	-8,07236	
1024	-8,33052	
1025	-8,5788	
1026	-8,79476	
1027	-9,00067	
1028	-9,21431	
1029	-9,42937	
1030	-9,64602	
1031	-9,8617	
1032	-10,0718	
1033	-10,2809	
1034	-10,4851	
1035	-10,6887	
1036	-10,8825	
1037	-11,0763	
1038	-11,2711	
1039	-11,4666	
1040	-11,6508	
1041	-11,843	
1042	-12,0358	
1043	-12,2227	
1044	-12,3894	
1045	-12,5603	
1046	-12,7413	
1047	-12,9097	
1048	-13,069	
1049	-13,2193	
1050	-13,364	
1051	-13,4881	
1052	-13,5939	
1053	-13,682	
1054	-13,7766	
1055	-13,9149	
1056	-14,1167	
1057	-14,3536	
1058	-14,6048	
1059	-14,839	
1060	-15,0576	
1061	-15,2636	
1062	-15,4625	
1063	-15,6697	
1064	-15,9801	
1065	-16,0079	
1066	-16,2071	
1067	-16,4169	
1068	-16,5818	
1069	-16,7655	
1070	-16,9508	
1071	-17,1257	
1072	-17,3101	
1073	-17,4921	
1074	-17,6668	
1075	-17,862	
1076	-18,0481	
1077	-18,2332	
1078	-18,4337	
1079	-18,6212	
1080	-18,8072	
1081	-19,0024	
1082	-19,1908	
1083	-19,3899	
1084	-19,5675	
1085	-19,7055	
1086	-19,8347	
1087	-20,0836	
1088	-20,3211	
1089	-20,48	
1090	-20,6399	
1091	-20,8633	
1092	-21,0913	
1093	-21,3416	
1094	-21,5835	
1095	-21,8169	
1096	-22,0021	
1097	-22,1689	
1098	-22,3154	
1099	-22,5014	
1100	-22,7191	
1101	-22,9703	
1102	-23,2503	
1103	-23,5152	
1104	-23,7519	
1105	-23,977	
1106	-24,2045	
1107	-24,4685	
1108	-24,7697	
1109	-25,0445	
1110	-25,25	
1111	-25,5407	
1112	-25,9	
1113	-26,2609	
1114	-26,5845	
1115	-26,8378	
1116	-27,0523	
1117	-27,3272	
1118	-27,6285	
1119	-27,9972	
1120	-28,4237	
1121	-28,8937	
1122	-29,3067	
1123	-29,7338	
1124	-30,1304	
1125	-30,609	
1126	-31,113	
1127	-31,6913	
1128	-32,1535	
1129	-32,7309	
1130	-33,3044	
1131	-33,8273	
1132	-34,324	
1133	-34,9936	
1134	-35,7922	
1135	-36,765	
1136	-37,8024	
1137	-38,9935	
1138	-40,1966	
1139	-41,6752	
1140	-43,2916	
1141	-45,1242	
1142	-47,6088	
1143	-51,8644	
1144	-58,5783	
1145	-62,2475	
1146	-53,6537	
1147	-48,6399	
1148	-45,8264	
1149	-43,6988	
1150	-41,9045	
1151	-40,4882	
1152	-39,2984	
1153	-38,0677	
1154	-36,9516	
1155	-36,0696	
1156	-35,1954	
1157	-34,3842	
1158	-33,7021	
1159	-33,0449	
1160	-32,4443	
1161	-31,8564	
1162	-31,2934	
1163	-30,784	
1164	-30,2702	
1165	-29,7905	
1166	-29,3604	
1167	-28,9444	
1168	-28,5479	
1169	-28,1689	
1170	-27,8366	
1171	-27,5344	
1172	-27,1708	
1173	-26,7686	
1174	-26,3744	
1175	-26,0371	
1176	-25,7351	
1177	-25,417	
1178	-25,0812	
1179	-24,7455	
1180	-24,4413	
1181	-24,1419	
1182	-23,8257	
1183	-23,528	
1184	-23,2217	
1185	-22,9283	
1186	-22,6611	
1187	-22,3826	
1188	-22,1211	
1189	-21,8549	
1190	-21,5942	
1191	-21,3137	
1192	-21,0336	
1193	-20,7589	
1194	-20,4493	
1195	-20,1295	
1196	-19,8191	
1197	-19,5017	
1198	-19,1705	
1199	-18,8102	
1200	-18,4172	
1201	-17,9656	
1202	-17,4321	
1203	-16,8362	
1204	-16,3211	
1205	-16,1646	
1206	-16,3139	
1207	-16,2853	
1208	-16,0715	
1209	-15,7995	
1210	-15,4712	
1211	-15,1318	
1212	-14,7659	
1213	-14,3876	
1214	-13,963	
1215	-13,5405	
1216	-13,139	
1217	-12,6866	
1218	-12,0819	
1219	-11,5694	
1220	-10,9889	
1221	-10,3218	
1222	-9,94885	
1223	-11,1267	
1224	-10,8281	
1225	-9,27399	
1226	-7,50696	
1227	-5,62633	
1228	-5,5099	
1229	-5,27088	
1230	-4,14275	
1231	-2,76957	
1232	-1,18108	
1233	0,710168	
1234	3,2132	
1235	6,55635	
1236	11,0914	
1237	15,269	
1238	9,62134	
1239	4,72968	
1240	1,49407	
1241	-0,843066	
1242	-2,74229	
1243	-4,28981	
1244	-5,62654	
1245	-6,82384	
1246	-7,88342	
1247	-8,84151	
1248	-9,71562	
1249	-10,5491	
1250	-11,3286	
1251	-12,0539	
1252	-12,7377	
1253	-13,4017	
1254	-14,044	
1255	-14,6515	
1256	-15,2241	
1257	-15,8082	
1258	-16,3536	
1259	-16,8874	
1260	-17,3901	
1261	-17,8827	
1262	-18,3708	
1263	-18,8644	
1264	-19,3426	
1265	-19,8357	
1266	-20,3625	
1267	-20,8823	
1268	-21,3993	
1269	-21,9228	
1270	-22,4706	
1271	-23,0131	
1272	-23,5395	
1273	-24,0643	
1274	-24,5811	
1275	-25,1057	
1276	-25,6463	
1277	-26,1901	
1278	-26,7338	
1279	-27,3055	
1280	-27,8958	
1281	-28,5015	
1282	-29,1318	
1283	-29,8068	
1284	-30,5038	
1285	-31,2462	
1286	-32,041	
1287	-32,8813	
1288	-33,8199	
1289	-34,8277	
1290	-35,9295	
1291	-37,1713	
1292	-38,5197	
1293	-40,0231	
1294	-41,5504	
1295	-43,1891	
1296	-44,824	
1297	-45,791	
1298	-46,157	
1299	-45,6031	
1300	-44,1113	
1301	-42,567	
1302	-41,2032	
1303	-40,106	
1304	-38,9458	
1305	-37,9175	
1306	-37,0503	
1307	-36,1272	
1308	-35,2549	
1309	-34,4873	
1310	-33,7811	
1311	-33,1953	
1312	-32,5761	
1313	-32,002	
1314	-31,5409	
1315	-31,0666	
1316	-30,6566	
1317	-30,2454	
1318	-29,8602	
1319	-29,5159	
1320	-29,1967	
1321	-28,9379	
1322	-28,6653	
1323	-28,4007	
1324	-28,0938	
1325	-27,7599	
1326	-27,4445	
1327	-27,1471	
1328	-26,8501	
1329	-26,6251	
1330	-26,3689	
1331	-26,1487	
1332	-25,9412	
1333	-25,7295	
1334	-25,4957	
1335	-25,2629	
1336	-25,032	
1337	-24,7631	
1338	-24,5087	
1339	-24,2485	
1340	-24,0062	
1341	-23,8205	
1342	-23,7561	
1343	-23,877	
1344	-24,2224	
1345	-24,637	
1346	-24,7695	
1347	-24,5209	
1348	-24,095	
1349	-23,7298	
1350	-23,4329	
1351	-23,1741	
1352	-22,9401	
1353	-22,7275	
1354	-22,5344	
1355	-22,3695	
1356	-22,2014	
1357	-22,0454	
1358	-21,8802	
1359	-21,7202	
1360	-21,562	
1361	-21,4046	
1362	-21,2385	
1363	-21,0628	
1364	-20,8731	
1365	-20,7524	
1366	-20,7386	
1367	-20,7845	
1368	-20,6851	
1369	-20,4305	
1370	-20,2767	
1371	-20,1948	
1372	-20,1588	
1373	-20,149	
1374	-20,0608	
1375	-19,8548	
1376	-19,6745	
1377	-19,5664	
1378	-19,5028	
1379	-19,4454	
1380	-19,3483	
1381	-19,2394	
1382	-19,1454	
1383	-19,0357	
1384	-18,915	
1385	-18,8193	
1386	-18,7317	
1387	-18,6397	
1388	-18,5369	
1389	-18,4579	
1390	-18,4027	
1391	-18,3306	
1392	-18,198	
1393	-18,1093	
1394	-18,01	
1395	-17,9122	
1396	-17,8169	
1397	-17,7159	
1398	-17,6116	
1399	-17,5027	
1400	-17,3975	
1401	-17,3019	
1402	-17,2039	
1403	-17,1171	
1404	-17,0352	
1405	-16,9628	
1406	-16,8822	
1407	-16,7938	
1408	-16,6974	
1409	-16,6041	
1410	-16,4991	
1411	-16,3744	
1412	-16,2611	
1413	-16,1693	
1414	-16,0815	
1415	-15,9794	
1416	-15,8588	
1417	-15,7116	
1418	-15,5395	
1419	-15,3518	
1420	-15,1919	
1421	-15,1536	
1422	-15,1814	
1423	-15,2049	
1424	-15,1853	
1425	-15,1387	
1426	-15,0782	
1427	-15,0079	
1428	-14,9192	
1429	-14,8456	
1430	-14,7809	
1431	-14,7149	
1432	-14,6123	
1433	-14,5073	
1434	-14,423	
1435	-14,3455	
1436	-14,2715	
1437	-14,193	
1438	-14,1158	
1439	-14,0411	
1440	-13,9727	
1441	-13,8919	
1442	-13,796	
1443	-13,7053	
1444	-13,607	
1445	-13,5112	
1446	-13,4252	
1447	-13,3353	
1448	-13,2334	
1449	-13,1291	
1450	-13,0434	
1451	-13,0192	
1452	-13,1118	
1453	-12,8037	
1454	-12,7348	
1455	-12,685	
1456	-12,5778	
1457	-12,467	
1458	-12,3692	
1459	-12,2783	
1460	-12,2032	
1461	-12,1776	
1462	-12,307	
1463	-12,116	
1464	-11,8944	
1465	-11,7739	
1466	-11,6628	
1467	-11,5579	
1468	-11,4593	
1469	-11,3622	
1470	-11,2825	
1471	-11,1981	
1472	-11,0922	
1473	-10,9589	
1474	-10,8456	
1475	-10,8233	
1476	-10,7752	
1477	-10,6285	
1478	-10,4854	
1479	-10,3847	
1480	-10,3084	
1481	-10,2266	
1482	-10,1326	
1483	-10,029	
1484	-9,91115	
1485	-9,7958	
1486	-9,69077	
1487	-9,58705	
1488	-9,48648	
1489	-9,38971	
1490	-9,29014	
1491	-9,19711	
1492	-9,1011	
1493	-9,00618	
1494	-8,90555	
1495	-8,79731	
1496	-8,68223	
1497	-8,56888	
1498	-8,45741	
1499	-8,34093	
1500	-8,22089	
1501	-8,10703	
1502	-7,99601	
1503	-7,88608	
1504	-7,77452	
1505	-7,66744	
1506	-7,55845	
1507	-7,45	
1508	-7,33175	
1509	-7,21454	
1510	-7,08919	
1511	-6,96513	
1512	-6,84108	
1513	-6,71656	
1514	-6,59093	
1515	-6,47585	
1516	-6,3355	
1517	-6,19878	
1518	-6,06067	
1519	-5,9215	
1520	-5,78588	
1521	-5,6502	
1522	-5,51692	
1523	-5,37979	
1524	-5,24166	
1525	-5,10408	
1526	-4,96097	
1527	-4,81727	
1528	-4,67382	
1529	-4,52906	
1530	-4,38116	
1531	-4,22755	
1532	-4,06823	
1533	-3,90792	
1534	-3,74627	
1535	-3,5878	
1536	-3,42393	
1537	-3,25933	
1538	-3,09242	
1539	-2,9187	
1540	-2,74366	
1541	-2,57043	
1542	-2,39412	
1543	-2,2128	
1544	-2,02777	
1545	-1,83773	
1546	-1,64491	
1547	-1,44896	
1548	-1,25035	
1549	-1,05015	
1550	-0,844104	
1551	-0,630861	
1552	-0,407593	
1553	-0,172099	
1554	0,0747678	
1555	0,328771	
1556	0,592208	
1557	0,861123	
1558	1,13261	
1559	1,4036	
1560	1,67404	
1561	1,94562	
1562	2,21867	
1563	2,49966	
1564	2,786	
1565	3,0876	
1566	3,40677	
1567	3,74495	
1568	4,10066	
1569	4,4745	
1570	4,86105	
1571	5,25934	
1572	5,67178	
1573	6,10273	
1574	6,55372	
1575	7,02678	
1576	7,52712	
1577	8,05735	
1578	8,6218	
1579	9,22784	
1580	9,88181	
1581	10,5825	
1582	11,3206	
1583	12,0969	
1584	12,9456	
1585	13,8977	
1586	14,9294	
1587	16,0261	
1588	17,1816	
1589	18,3513	
1590	19,4335	
1591	20,2563	
1592	20,701	
1593	21,0337	
1594	21,2849	
1595	20,5717	
1596	19,1622	
1597	17,7253	
1598	16,4321	
1599	15,2803	
1600	14,2549	
1601	13,3466	
1602	12,5489	
1603	11,8235	
1604	11,1018	
1605	10,3938	
1606	9,73981	
1607	9,11534	
1608	8,53603	
1609	7,99255	
1610	7,48175	
1611	7,00177	
1612	6,55221	
1613	6,12811	
1614	5,73391	
1615	5,37896	
1616	4,9894	
1617	4,61277	
1618	4,2746	
1619	3,94152	
1620	3,61137	
1621	3,28723	
1622	2,97233	
1623	2,6793	
1624	2,41879	
1625	2,17458	
1626	1,90197	
1627	1,66071	
1628	1,42579	
1629	1,19888	
1630	0,976142	
1631	0,757626	
1632	0,542846	
1633	0,33411	
1634	0,128119	
1635	-0,0745544	
1636	-0,264536	
1637	-0,450749	
1638	-0,63462	
1639	-0,816872	
1640	-0,99605	
1641	-1,17493	
1642	-1,3489	
1643	-1,52103	
1644	-1,69228	
1645	-1,85872	
1646	-2,02568	
1647	-2,18761	
1648	-2,34108	
1649	-2,49135	
1650	-2,63918	
1651	-2,78303	
1652	-2,92219	
1653	-3,056	
1654	-3,18545	
1655	-3,31604	
1656	-3,44204	
1657	-3,56978	
1658	-3,69577	
1659	-3,82131	
1660	-3,94635	
1661	-4,0659	
1662	-4,17919	
1663	-4,28673	
1664	-4,38974	
1665	-4,49063	
1666	-4,59446	
1667	-4,70958	
1668	-4,84119	
1669	-4,98397	
1670	-5,11928	
1671	-5,24177	
1672	-5,35168	
1673	-5,45617	
1674	-5,56451	
1675	-5,66295	
1676	-5,75351	
1677	-5,83775	
1678	-5,912	
1679	-6,02401	
1680	-6,1156	
1681	-6,2055	
1682	-6,29774	
1683	-6,39265	
1684	-6,48888	
1685	-6,58912	
1686	-6,68623	
1687	-6,77745	
1688	-6,86959	
1689	-6,95579	
1690	-7,03823	
1691	-7,11845	
1692	-7,20724	
1693	-7,30126	
1694	-7,38975	
1695	-7,47346	
1696	-7,55884	
1697	-7,63915	
1698	-7,71939	
1699	-7,79739	
1700	-7,87556	
1701	-7,94729	
1702	-8,01193	
1703	-8,07724	
1704	-8,14818	
1705	-8,22714	
1706	-8,31189	
1707	-8,4056	
1708	-8,51489	
1709	-8,62547	
1710	-8,72319	
1711	-8,79184	
1712	-8,84258	
1713	-8,88908	
1714	-8,9361	
1715	-8,98798	
1716	-9,04678	
1717	-9,11007	
1718	-9,17468	
1719	-9,23683	
1720	-9,29912	
1721	-9,36034	
1722	-9,42133	
1723	-9,4811	
1724	-9,54596	
1725	-9,61153	
1726	-9,67144	
1727	-9,72763	
1728	-9,78226	
1729	-9,82631	
1730	-9,8619	
1731	-9,89238	
1732	-9,93667	
1733	-9,9971	
1734	-10,0662	
1735	-10,1356	
1736	-10,2053	
1737	-10,2814	
1738	-10,3497	
1739	-10,4004	
1740	-10,4334	
1741	-10,4625	
1742	-10,5002	
1743	-10,5569	
1744	-10,6237	
1745	-10,6986	
1746	-10,7773	
1747	-10,8597	
1748	-10,9445	
1749	-11,0144	
1750	-11,0814	
1751	-11,1528	
1752	-11,2218	
1753	-11,2954	
1754	-11,3614	
1755	-11,415	
1756	-11,468	
1757	-11,5286	
1758	-11,5865	
1759	-11,6383	
1760	-11,68	
1761	-11,7227	
1762	-11,7776	
1763	-11,8506	
1764	-11,913	
1765	-11,9659	
1766	-12,0124	
1767	-12,0621	
1768	-12,11	
1769	-12,1542	
1770	-12,1944	
1771	-12,2383	
1772	-12,2869	
1773	-12,3383	
1774	-12,3959	
1775	-12,4563	
1776	-12,5216	
1777	-12,5907	
1778	-12,6477	
1779	-12,6803	
1780	-12,734	
1781	-12,7765	
1782	-12,8245	
1783	-12,8779	
1784	-12,9283	
1785	-12,9831	
1786	-13,0451	
1787	-13,1011	
1788	-13,1552	
1789	-13,2075	
1790	-13,2554	
1791	-13,3018	
1792	-13,3507	
1793	-13,3987	
1794	-13,4439	
1795	-13,4887	
1796	-13,5321	
1797	-13,579	
1798	-13,6263	
1799	-13,678	
1800	-13,736	
1801	-13,7949	
1802	-13,8492	
1803	-13,9047	
1804	-13,9627	
1805	-14,0348	
1806	-14,1268	
1807	-14,2305	
1808	-14,3227	
1809	-14,3683	
1810	-14,3725	
1811	-14,3885	
1812	-14,4233	
1813	-14,4801	
1814	-14,5404	
1815	-14,6063	
1816	-14,6646	
1817	-14,7137	
1818	-14,8107	
1819	-14,9502	
1820	-14,9786	
1821	-14,9415	
1822	-14,9196	
1823	-14,9338	
1824	-14,9645	
1825	-15,0116	
1826	-15,05	
1827	-15,0961	
1828	-15,1439	
1829	-15,1783	
1830	-15,215	
1831	-15,2466	
1832	-15,2813	
1833	-15,3293	
1834	-15,3786	
1835	-15,4311	
1836	-15,4961	
1837	-15,543	
1838	-15,5538	
1839	-15,4612	
1840	-15,3436	
1841	-15,6612	
1842	-15,6986	
1843	-15,6493	
1844	-15,7705	
1845	-15,8659	
1846	-15,9013	
1847	-15,9115	
1848	-15,8713	
1849	-15,7142	
1850	-15,3377	
1851	-15,3627	
1852	-15,93	
1853	-16,0916	
1854	-16,1573	
1855	-16,222	
1856	-16,2804	
1857	-16,3358	
1858	-16,3853	
1859	-16,4304	
1860	-16,522	
1861	-16,6519	
1862	-16,6887	
1863	-16,7165	
1864	-16,7554	
1865	-16,7939	
1866	-16,845	
1867	-16,9038	
1868	-16,9559	
1869	-17,0168	
1870	-17,0779	
1871	-17,1455	
1872	-17,2219	
1873	-17,2723	
1874	-17,3315	
1875	-17,3787	
1876	-17,4125	
1877	-17,4523	
1878	-17,4858	
1879	-17,5448	
1880	-17,6071	
1881	-17,6818	
1882	-17,7697	
1883	-17,8363	
1884	-17,9014	
1885	-17,9622	
1886	-18,0286	
1887	-18,0774	
1888	-18,141	
1889	-18,2003	
1890	-18,2592	
1891	-18,3203	
1892	-18,3748	
1893	-18,4395	
1894	-18,5003	
1895	-18,5746	
1896	-18,6504	
1897	-18,7218	
1898	-18,7952	
1899	-18,87	
1900	-18,943	
1901	-19,0113	
1902	-19,0758	
1903	-19,1463	
1904	-19,23	
1905	-19,3094	
1906	-19,3943	
1907	-19,476	
1908	-19,5538	
1909	-19,63	
1910	-19,6933	
1911	-19,7634	
1912	-19,833	
1913	-19,8986	
1914	-19,972	
1915	-20,0646	
1916	-20,1466	
1917	-20,2478	
1918	-20,3695	
1919	-20,4791	
1920	-20,5724	
1921	-20,6446	
1922	-20,7186	
1923	-20,7956	
1924	-20,8758	
1925	-20,9712	
1926	-21,0504	
1927	-21,1368	
1928	-21,2426	
1929	-21,3347	
1930	-21,428	
1931	-21,5065	
1932	-21,5855	
1933	-21,6931	
1934	-21,8177	
1935	-21,9311	
1936	-22,0534	
1937	-22,168	
1938	-22,3006	
1939	-22,4373	
1940	-22,5704	
1941	-22,7096	
1942	-22,8209	
1943	-22,9659	
1944	-23,0732	
1945	-23,1615	
1946	-23,2193	
1947	-23,2434	
1948	-23,2224	
1949	-23,2064	
1950	-23,1629	
1951	-23,0317	
1952	-22,7856	
1953	-22,4028	
1954	-21,8912	
1955	-21,3355	
1956	-20,8309	
1957	-20,552	
1958	-20,666	
1959	-21,2258	
1960	-22,1109	
1961	-23,0725	
1962	-23,9443	
1963	-24,7683	
1964	-25,4928	
1965	-26,172	
1966	-26,7641	
1967	-27,2593	
1968	-27,736	
1969	-28,2334	
1970	-28,8505	
1971	-29,6454	
1972	-30,5119	
1973	-31,3103	
1974	-32,1498	
1975	-33,1812	
1976	-34,3081	
1977	-35,4352	
1978	-36,584	
1979	-37,8173	
1980	-39,242	
1981	-40,2615	
1982	-40,2771	
1983	-40,6997	
1984	-41,0265	
1985	-40,4616	
1986	-39,2006	
1987	-37,1328	
1988	-34,7666	
1989	-32,6199	
1990	-30,9319	
1991	-29,6672	
1992	-28,6655	
1993	-27,75	
1994	-26,8777	
1995	-26,0535	
1996	-25,284	
1997	-24,4715	
1998	-23,6474	
1999	-22,8947	
2000	-22,1696	
2001	-21,4825	
2002	-20,8316	
2003	-20,2073	
2004	-19,5473	
2005	-18,9158	
2006	-18,2902	
2007	-17,644	
2008	-16,9925	
2009	-16,323	
2010	-15,6519	
2011	-14,9734	
2012	-14,2738	
2013	-13,545	
2014	-12,844	
2015	-12,1959	
2016	-11,4769	
2017	-10,74	
2018	-9,98166	
2019	-9,19271	
2020	-8,37251	
2021	-7,51476	
2022	-6,61364	
2023	-5,66413	
2024	-4,64608	
2025	-3,54606	
2026	-2,34951	
2027	-1,03753	
2028	0,41195	
2029	2,01217	
2030	3,75963	
2031	5,61691	
2032	7,46695	
2033	8,97934	
2034	9,50317	
2035	8,49636	
2036	6,58136	
2037	4,7318	
2038	3,17821	
2039	1,87536	
2040	0,760445	
2041	-0,221456	
2042	-1,10501	
2043	-1,91125	
2044	-2,64911	
2045	-3,32523	
2046	-3,93262	
2047	-4,4857	
2048	-4,99151	
2049	-5,45615	
2050	-5,88126	
2051	-6,27459	
2052	-6,64167	
2053	-6,98747	
2054	-7,31106	
2055	-7,60754	
2056	-7,89282	
2057	-8,15973	
2058	-8,39522	
2059	-8,65045	
2060	-8,88715	
2061	-9,11243	
2062	-9,3313	
2063	-9,5467	
2064	-9,75752	
2065	-9,95378	
2066	-10,1394	
2067	-10,3435	
2068	-10,5188	
2069	-10,6722	
2070	-10,8178	
2071	-10,962	
2072	-11,1051	
2073	-11,2488	
2074	-11,3864	
2075	-11,498	
2076	-11,648	
2077	-11,7838	
2078	-11,9001	
2079	-12,0295	
2080	-12,1641	
2081	-12,2888	
2082	-12,4091	
2083	-12,5262	
2084	-12,6375	
2085	-12,7456	
2086	-12,8453	
2087	-12,9473	
2088	-13,0423	
2089	-13,1361	
2090	-13,2277	
2091	-13,321	
2092	-13,4108	
2093	-13,5038	
2094	-13,5946	
2095	-13,6912	
2096	-13,7971	
2097	-13,9029	
2098	-13,9837	
2099	-14,0597	
2100	-14,1621	
2101	-14,25	
2102	-14,3159	
2103	-14,3686	
2104	-14,4243	
2105	-14,4809	
2106	-14,5407	
2107	-14,6181	
2108	-14,6935	
2109	-14,7615	
2110	-14,833	
2111	-14,9107	
2112	-14,9747	
2113	-15,0369	
2114	-15,0966	
2115	-15,1572	
2116	-15,2187	
2117	-15,2802	
2118	-15,3438	
2119	-15,4024	
2120	-15,4659	
2121	-15,5287	
2122	-15,5923	
2123	-15,6467	
2124	-15,7061	
2125	-15,7648	
2126	-15,831	
2127	-15,8917	
2128	-15,9485	
2129	-15,9989	
2130	-16,0554	
2131	-16,1051	
2132	-16,1516	
2133	-16,2011	
2134	-16,2548	
2135	-16,3013	
2136	-16,355	
2137	-16,4013	
2138	-16,4545	
2139	-16,5068	
2140	-16,558	
2141	-16,6082	
2142	-16,6528	
2143	-16,7021	
2144	-16,7613	
2145	-16,8157	
2146	-16,872	
2147	-16,9248	
2148	-16,9763	
2149	-17,0358	
2150	-17,0831	
2151	-17,1265	
2152	-17,1768	
2153	-17,2145	
2154	-17,2626	
2155	-17,307	
2156	-17,3483	
2157	-17,3857	
2158	-17,4195	
2159	-17,4625	
2160	-17,4896	
2161	-17,5191	
2162	-17,5482	
2163	-17,5874	
2164	-17,6158	
2165	-17,6527	
2166	-17,6982	
2167	-17,7557	
2168	-17,8129	
2169	-17,8573	
2170	-17,9134	
2171	-17,9657	
2172	-18,01	
2173	-18,0537	
2174	-18,1066	
2175	-18,1486	
2176	-18,1906	
2177	-18,2306	
2178	-18,2703	
2179	-18,3061	
2180	-18,35	
2181	-18,3834	
2182	-18,4226	
2183	-18,4683	
2184	-18,5158	
2185	-18,5548	
2186	-18,5898	
2187	-18,626	
2188	-18,6732	
2189	-18,7274	
2190	-18,7837	
2191	-18,8396	
2192	-18,8886	
2193	-18,948	
2194	-18,9959	
2195	-19,0336	
2196	-19,1043	
2197	-19,1738	
2198	-19,235	
2199	-19,3212	
2200	-19,4184	
2201	-19,5287	
2202	-19,6691	
2203	-19,8397	
2204	-20,0046	
2205	-20,0857	
2206	-19,9706	
2207	-19,8497	
2208	-19,8472	
2209	-19,8327	
2210	-19,7679	
2211	-19,7437	
2212	-19,7542	
2213	-19,84	
2214	-19,9662	
2215	-20,095	
2216	-20,1428	
2217	-20,0621	
2218	-19,9639	
2219	-19,9428	
2220	-19,9492	
2221	-19,9715	
2222	-20,004	
2223	-20,0452	
2224	-20,0703	
2225	-20,1089	
2226	-20,1244	
2227	-20,1513	
2228	-20,1751	
2229	-20,229	
2230	-20,2523	
2231	-20,24	
2232	-20,2671	
2233	-20,2877	
2234	-20,3318	
2235	-20,4374	
2236	-20,5902	
2237	-20,7576	
2238	-20,9	
2239	-21,0184	
2240	-21,1245	
2241	-21,255	
2242	-21,3806	
2243	-21,4917	
2244	-21,5584	
2245	-21,5271	
2246	-21,4588	
2247	-21,4222	
2248	-21,4106	
2249	-21,4184	
2250	-21,4384	
2251	-21,4489	
2252	-21,4679	
2253	-21,4852	
2254	-21,5135	
2255	-21,5328	
2256	-21,5416	
2257	-21,536	
2258	-21,5364	
2259	-21,5276	
2260	-21,6057	
2261	-21,6929	
2262	-21,7651	
2263	-21,8249	
2264	-21,8754	
2265	-21,9196	
2266	-21,973	
2267	-22,0383	
2268	-22,0846	
2269	-22,1238	
2270	-22,1686	
2271	-22,222	
2272	-22,2582	
2273	-22,2914	
2274	-22,3358	
2275	-22,3873	
2276	-22,4213	
2277	-22,4711	
2278	-22,5133	
2279	-22,5563	
2280	-22,6054	
2281	-22,6357	
2282	-22,687	
2283	-22,7206	
2284	-22,7551	
2285	-22,808	
2286	-22,8585	
2287	-22,8932	
2288	-22,9453	
2289	-23,0026	
2290	-23,0543	
2291	-23,1111	
2292	-23,1064	
2293	-23,2228	
2294	-23,2502	
2295	-23,3014	
2296	-23,3534	
2297	-23,4236	
2298	-23,454	
2299	-23,4985	
2300	-23,5494	
2301	-23,6071	
2302	-23,6736	
2303	-23,7271	
2304	-23,7904	
2305	-23,8511	
2306	-23,9172	
2307	-23,9809	
2308	-24,0358	
2309	-24,1131	
2310	-24,1885	
2311	-24,2356	
2312	-24,2831	
2313	-24,3694	
2314	-24,4585	
2315	-24,5389	
2316	-24,5711	
2317	-24,6415	
2318	-24,6992	
2319	-24,7424	
2320	-24,7695	
2321	-24,8118	
2322	-24,7917	
2323	-24,8138	
2324	-24,8602	
2325	-24,9121	
2326	-24,994	
2327	-25,0866	
2328	-25,2072	
2329	-25,3392	
2330	-25,4586	
2331	-25,5428	
2332	-25,6335	
2333	-25,7046	
2334	-25,7979	
2335	-25,8891	
2336	-25,9718	
2337	-26,0387	
2338	-26,1193	
2339	-26,218	
2340	-26,3073	
2341	-26,3889	
2342	-26,4731	
2343	-26,5722	
2344	-26,6715	
2345	-26,7875	
2346	-26,8961	
2347	-27,0407	
2348	-27,2131	
2349	-27,3538	
2350	-27,4999	
2351	-27,665	
2352	-27,8624	
2353	-28,0795	
2354	-28,3477	
2355	-28,6643	
2356	-29,0293	
2357	-29,3891	
2358	-29,6578	
2359	-29,7167	
2360	-29,5869	
2361	-29,4229	
2362	-29,2949	
2363	-29,274	
2364	-29,2674	
2365	-29,3298	
2366	-29,4365	
2367	-29,549	
2368	-29,6836	
2369	-29,8046	
2370	-29,9324	
2371	-30,064	
2372	-30,2089	
2373	-30,3823	
2374	-30,5685	
2375	-30,772	
2376	-30,9559	
2377	-31,111	
2378	-31,2878	
2379	-31,4677	
2380	-31,6931	
2381	-31,8402	
2382	-32,0738	
2383	-32,2388	
2384	-32,4473	
2385	-32,6742	
2386	-32,9635	
2387	-33,1368	
2388	-33,3466	
2389	-33,6206	
2390	-33,9147	
2391	-34,1908	
2392	-34,4448	
2393	-34,7221	
2394	-34,9889	
2395	-35,3103	
2396	-35,5718	
2397	-35,8445	
2398	-36,1299	
2399	-36,413	
2400	-36,7021	
2401	-37,1904	
2402	-37,6441	
2403	-38,1297	
2404	-38,7543	
2405	-39,2266	
2406	-39,8784	
2407	-40,2909	
2408	-40,897	
2409	-41,6656	
2410	-42,4818	
2411	-43,4471	
2412	-44,3427	
2413	-45,5244	
2414	-46,6627	
2415	-47,7717	
2416	-49,4549	
2417	-50,0108	
2418	-50,1478	
2419	-49,7061	
2420	-48,8454	
2421	-47,5653	
2422	-46,5822	
2423	-45,7087	
2424	-44,6608	
2425	-43,5989	
2426	-42,5528	
2427	-41,8032	
2428	-40,9089	
2429	-40,3217	
2430	-39,809	
2431	-39,4537	
2432	-38,6851	
2433	-37,6667	
2434	-36,8757	
2435	-36,2641	
2436	-35,682	
2437	-35,2531	
2438	-34,8999	
2439	-34,4684	
2440	-34,0806	
2441	-33,6556	
2442	-33,2595	
2443	-32,8769	
2444	-32,5097	
2445	-32,1272	
2446	-31,8126	
2447	-31,4545	
2448	-31,0731	
2449	-30,7467	
2450	-30,3722	
2451	-30,0328	
2452	-29,7318	
2453	-29,4821	
2454	-29,2404	
2455	-28,8909	
2456	-28,471	
2457	-28,2231	
2458	-28,0503	
2459	-27,8883	
2460	-27,6976	
2461	-27,4663	
2462	-27,2663	
2463	-27,1003	
2464	-26,7997	
2465	-26,3921	
2466	-26,233	
2467	-26,0077	
2468	-25,7728	
2469	-25,5574	
2470	-25,3729	
2471	-25,1847	
2472	-24,969	
2473	-24,794	
2474	-24,6314	
2475	-24,2787	
2476	-24,0284	
2477	-23,8056	
2478	-23,5915	
2479	-23,377	
2480	-23,1867	
2481	-22,9901	
2482	-22,7574	
2483	-22,531	
2484	-22,3067	
2485	-22,1067	
2486	-21,9068	
2487	-21,714	
2488	-21,5336	
2489	-21,3456	
2490	-21,1501	
2491	-20,9417	
2492	-20,7434	
2493	-20,5482	
2494	-20,3574	
2495	-20,1739	
2496	-19,9836	
2497	-19,8028	
2498	-19,615	
2499	-19,4214	
2500	-19,232	
2501	-19,0455	
2502	-18,858	
2503	-18,6717	
2504	-18,4946	
2505	-18,3267	
2506	-18,1585	
2507	-17,9811	
2508	-17,7961	
2509	-17,6185	
2510	-17,4455	
2511	-17,2829	
2512	-17,107	
2513	-16,9251	
2514	-16,7401	
2515	-16,558	
2516	-16,3689	
2517	-16,1752	
2518	-15,9822	
2519	-15,7922	
2520	-15,5991	
2521	-15,3985	
2522	-15,2044	
2523	-15,0094	
2524	-14,8122	
2525	-14,6088	
2526	-14,407	
2527	-14,1964	
2528	-13,9847	
2529	-13,7704	
2530	-13,5763	
2531	-13,3862	
2532	-13,2022	
2533	-13,0199	
2534	-12,8341	
2535	-12,6408	
2536	-12,453	
2537	-12,2569	
2538	-12,058	
2539	-11,8575	
2540	-11,656	
2541	-11,4531	
2542	-11,2457	
2543	-11,0375	
2544	-10,82	
2545	-10,5901	
2546	-10,3593	
2547	-10,1316	
2548	-9,90031	
2549	-9,67497	
2550	-9,44856	
2551	-9,20827	
2552	-8,95988	
2553	-8,70737	
2554	-8,45273	
2555	-8,19104	
2556	-7,93737	
2557	-7,68243	
2558	-7,42333	
2559	-7,15525	
2560	-6,879	
2561	-6,59692	
2562	-6,30782	
2563	-6,00118	
2564	-5,68278	
2565	-5,35321	
2566	-5,00671	
2567	-4,63602	
2568	-4,23091	
2569	-3,77877	
2570	-3,2738	
2571	-2,74384	
2572	-2,25128	
2573	-1,88165	
2574	-1,63422	
2575	-1,41484	
2576	-1,15	
2577	-0,823823	
2578	-0,451243	
2579	-0,0450203	
2580	0,381106	
2581	0,823064	
2582	1,28245	
2583	1,76466	
2584	2,2755	
2585	2,82027	
2586	3,40175	
2587	4,0278	
2588	4,70541	
2589	5,43815	
2590	6,23024	
2591	7,09467	
2592	8,0399	
2593	9,06537	
2594	10,1729	
2595	11,3744	
2596	12,6924	
2597	14,1053	
2598	15,563	
2599	16,9934	
2600	18,1868	
2601	18,7596	
2602	18,3671	
2603	17,1236	
2604	15,508	
2605	13,861	
2606	12,3312	
2607	10,961	
2608	9,73977	
2609	8,66342	
2610	7,76759	
2611	7,00257	
2612	6,26897	
2613	5,57883	
2614	4,95449	
2615	4,39517	
2616	3,88428	
2617	3,40501	
2618	2,95202	
2619	2,51242	
2620	2,11412	
2621	1,72872	
2622	1,36126	
2623	1,01458	
2624	0,68679	
2625	0,371842	
2626	0,0679048	
2627	-0,224788	
2628	-0,508449	
2629	-0,784773	
2630	-1,04861	
2631	-1,30002	
2632	-1,5414	
2633	-1,76891	
2634	-1,98422	
2635	-2,19086	
2636	-2,39315	
2637	-2,59244	
2638	-2,78674	
2639	-2,97662	
2640	-3,16705	
2641	-3,3522	
2642	-3,52576	
2643	-3,67816	
2644	-3,80544	
2645	-3,90242	
2646	-3,97553	
2647	-4,06172	
2648	-4,22909	
2649	-4,46615	
2650	-4,68734	
2651	-4,87434	
2652	-5,03882	
2653	-5,19117	
2654	-5,33463	
2655	-5,47301	
2656	-5,60767	
2657	-5,73829	
2658	-5,87616	
2659	-6,00619	
2660	-6,11911	
2661	-6,23121	
2662	-6,34584	
2663	-6,45765	
2664	-6,5656	
2665	-6,67517	
2666	-6,78359	
2667	-6,88526	
2668	-6,98655	
2669	-7,08439	
2670	-7,18119	
2671	-7,27906	
2672	-7,37997	
2673	-7,47869	
2674	-7,57523	
2675	-7,66474	
2676	-7,75869	
2677	-7,84622	
2678	-7,93263	
2679	-8,0079	
2680	-8,04077	
2681	-8,15205	
2682	-8,21652	
2683	-8,29183	
2684	-8,36782	
2685	-8,44611	
2686	-8,51892	
2687	-8,59071	
2688	-8,66384	
2689	-8,72973	
2690	-8,79902	
2691	-8,87128	
2692	-8,9308	
2693	-8,99011	
2694	-9,05174	
2695	-9,11115	
2696	-9,17141	
2697	-9,23552	
2698	-9,30154	
2699	-9,36394	
2700	-9,42694	
2701	-9,48193	
2702	-9,54351	
2703	-9,60787	
2704	-9,668	
2705	-9,72794	
2706	-9,78957	
2707	-9,85057	
2708	-9,90272	
2709	-9,95548	
2710	-10,0089	
2711	-10,0598	
2712	-10,1131	
2713	-10,1649	
2714	-10,2191	
2715	-10,272	
2716	-10,3286	
2717	-10,3821	
2718	-10,4423	
2719	-10,508	
2720	-10,5873	
2721	-10,6833	
2722	-10,7938	
2723	-10,913	
2724	-10,9759	
2725	-10,9506	
2726	-10,9072	
2727	-10,8966	
2728	-10,9074	
2729	-10,9358	
2730	-10,9669	
2731	-11,0003	
2732	-11,0398	
2733	-11,0792	
2734	-11,1154	
2735	-11,1485	
2736	-11,1826	
2737	-11,2168	
2738	-11,2562	
2739	-11,2914	
2740	-11,3278	
2741	-11,3652	
2742	-11,4095	
2743	-11,4556	
2744	-11,4926	
2745	-11,529	
2746	-11,5716	
2747	-11,614	
2748	-11,6545	
2749	-11,6926	
2750	-11,722	
2751	-11,7621	
2752	-11,7966	
2753	-11,8278	
2754	-11,8616	
2755	-11,8966	
2756	-11,9269	
2757	-11,9632	
2758	-11,9957	
2759	-12,0325	
2760	-12,061	
2761	-12,0934	
2762	-12,1249	
2763	-12,1565	
2764	-12,1858	
2765	-12,2173	
2766	-12,2512	
2767	-12,282	
2768	-12,3128	
2769	-12,3491	
2770	-12,3824	
2771	-12,4095	
2772	-12,435	
2773	-12,4625	
2774	-12,4915	
2775	-12,5206	
2776	-12,5476	
2777	-12,5741	
2778	-12,6019	
2779	-12,6318	
2780	-12,6569	
2781	-12,6827	
2782	-12,7089	
2783	-12,7331	
2784	-12,7594	
2785	-12,7916	
2786	-12,8148	
2787	-12,8455	
2788	-12,871	
2789	-12,896	
2790	-12,9235	
2791	-12,9434	
2792	-12,974	
2793	-12,9945	
2794	-13,014	
2795	-13,032	
2796	-13,0516	
2797	-13,0717	
2798	-13,1029	
2799	-13,1317	
2800	-13,1595	
2801	-13,1827	
2802	-13,209	
2803	-13,2313	
2804	-13,258	
2805	-13,2876	
2806	-13,3058	
2807	-13,3244	
2808	-13,3437	
2809	-13,3668	
2810	-13,3899	
2811	-13,412	
2812	-13,4351	
2813	-13,4609	
2814	-13,4939	
2815	-13,5187	
2816	-13,5479	
2817	-13,5723	
2818	-13,599	
2819	-13,6215	
2820	-13,6486	
2821	-13,6805	
2822	-13,6968	
2823	-13,7189	
2824	-13,7344	
2825	-13,7366	
2826	-13,7372	
2827	-13,7445	
2828	-13,7699	
2829	-13,7998	
2830	-13,8342	
2831	-13,8428	
2832	-13,8314	
2833	-13,821	
2834	-13,8264	
2835	-13,8546	
2836	-13,88	
2837	-13,9092	
2838	-13,9447	
2839	-13,9783	
2840	-14,0021	
2841	-14,0331	
2842	-14,0619	
2843	-14,0823	
2844	-14,0937	
2845	-14,1156	
2846	-14,1286	
2847	-14,1458	
2848	-14,1539	
2849	-14,169	
2850	-14,1849	
2851	-14,2099	
2852	-14,2373	
2853	-14,2611	
2854	-14,3	
2855	-14,3398	
2856	-14,3942	
2857	-14,4466	
2858	-14,4779	
2859	-14,4918	
2860	-14,4864	
2861	-14,4758	
2862	-14,4753	
2863	-14,4682	
2864	-14,4712	
2865	-14,4618	
2866	-14,4566	
2867	-14,4582	
2868	-14,4623	
2869	-14,4743	
2870	-14,492	
2871	-14,5056	
2872	-14,5222	
2873	-14,5398	
2874	-14,5611	
2875	-14,5826	
2876	-14,5991	
2877	-14,6225	
2878	-14,6297	
2879	-14,6484	
2880	-14,6645	
2881	-14,678	
2882	-14,6902	
2883	-14,7077	
2884	-14,7166	
2885	-14,7305	
2886	-14,7388	
2887	-14,7546	
2888	-14,777	
2889	-14,7906	
2890	-14,8016	
2891	-14,8252	
2892	-14,8315	
2893	-14,8464	
2894	-14,8576	
2895	-14,8704	
2896	-14,8874	
2897	-14,9016	
2898	-14,9124	
2899	-14,9287	
2900	-14,9381	
2901	-14,9563	
2902	-14,9731	
2903	-14,9847	
2904	-14,9965	
2905	-15,0133	
2906	-15,0301	
2907	-15,0414	
2908	-15,0557	
2909	-15,0605	
2910	-15,0755	
2911	-15,0952	
2912	-15,1023	
2913	-15,1129	
2914	-15,1276	
2915	-15,1429	
2916	-15,1497	
2917	-15,1634	
2918	-15,1741	
2919	-15,1915	
2920	-15,2074	
2921	-15,2175	
2922	-15,2273	
2923	-15,2373	
2924	-15,2544	
2925	-15,2665	
2926	-15,2799	
2927	-15,2883	
2928	-15,295	
2929	-15,3077	
2930	-15,3138	
2931	-15,321	
2932	-15,3311	
2933	-15,3357	
2934	-15,3492	
2935	-15,368	
2936	-15,3836	
2937	-15,3924	
2938	-15,4087	
2939	-15,4211	
2940	-15,4388	
2941	-15,4449	
2942	-15,4545	
2943	-15,4637	
2944	-15,4666	
2945	-15,4688	
2946	-15,4798	
2947	-15,4936	
2948	-15,5022	
2949	-15,5152	
2950	-15,5265	
2951	-15,5347	
2952	-15,5477	
2953	-15,5599	
2954	-15,5688	
2955	-15,5874	
2956	-15,6044	
2957	-15,62	
2958	-15,6367	
2959	-15,6515	
2960	-15,6608	
2961	-15,6658	
2962	-15,6804	
2963	-15,6828	
2964	-15,689	
2965	-15,6779	
2966	-15,6657	
2967	-15,6596	
2968	-15,6526	
2969	-15,6598	
2970	-15,6709	
2971	-15,6872	
2972	-15,7057	
2973	-15,7203	
2974	-15,7325	
2975	-15,7381	
2976	-15,7474	
2977	-15,7551	
2978	-15,7768	
2979	-15,7851	
2980	-15,8003	
2981	-15,8181	
2982	-15,8326	
2983	-15,8406	
2984	-15,8448	
2985	-15,8586	
2986	-15,8744	
2987	-15,8832	
2988	-15,8926	
2989	-15,908	
2990	-15,913	
2991	-15,9237	
2992	-15,9285	
2993	-15,9368	
2994	-15,9402	
2995	-15,9505	
2996	-15,9468	
2997	-15,9464	
2998	-15,947	
2999	-15,9551	
3000	-15,9651	
3001	-15,9776	
3002	-15,9902	
3003	-16,0048	
3004	-16,0166	
3005	-16,0395	
3006	-16,0543	
3007	-16,076	
3008	-16,1001	
3009	-16,1326	
3010	-16,1678	
3011	-16,1962	
3012	-16,2099	
3013	-16,2066	
3014	-16,1853	
3015	-16,164	
3016	-16,1413	
3017	-16,1316	
3018	-16,1249	
3019	-16,1196	
3020	-16,1296	
3021	-16,1312	
3022	-16,1461	
3023	-16,1553	
3024	-16,1579	
3025	-16,1701	
3026	-16,1768	
3027	-16,1914	
3028	-16,2024	
3029	-16,2122	
3030	-16,2143	
3031	-16,2168	
3032	-16,2279	
3033	-16,2332	
3034	-16,2359	
3035	-16,2464	
3036	-16,2524	
3037	-16,247	
3038	-16,2552	
3039	-16,2604	
3040	-16,267	
3041	-16,2814	
3042	-16,3014	
3043	-16,3184	
3044	-16,3412	
3045	-16,3703	
3046	-16,3897	
3047	-16,4028	
3048	-16,4032	
3049	-16,4154	
3050	-16,415	
3051	-16,4263	
3052	-16,4313	
3053	-16,4266	
3054	-16,428	
3055	-16,4288	
3056	-16,4373	
3057	-16,4448	
3058	-16,4533	
3059	-16,4577	
3060	-16,4706	
3061	-16,4832	
3062	-16,4926	
3063	-16,5077	
3064	-16,5203	
3065	-16,5182	
3066	-16,5301	
3067	-16,5406	
3068	-16,5545	
3069	-16,5609	
3070	-16,5637	
3071	-16,576	
3072	-16,5928	
3073	-16,6008	
3074	-16,6104	
3075	-16,62	
3076	-16,6303	
3077	-16,6372	
3078	-16,6563	
3079	-16,6662	
3080	-16,6722	
3081	-16,6862	
3082	-16,6976	
3083	-16,7114	
3084	-16,7194	
3085	-16,7334	
3086	-16,7393	
3087	-16,7483	
3088	-16,747	
3089	-16,7743	
3090	-16,794	
3091	-16,8071	
3092	-16,8229	
3093	-16,8387	
3094	-16,8476	
3095	-16,8665	
3096	-16,8825	
3097	-16,8987	
3098	-16,9094	
3099	-16,9267	
3100	-16,9367	
3101	-16,9413	
3102	-16,9501	
3103	-16,9649	
3104	-16,983	
3105	-16,9946	
3106	-17,0179	
3107	-17,0274	
3108	-17,0515	
3109	-17,0695	
3110	-17,0801	
3111	-17,0933	
3112	-17,1248	
3113	-17,157	
3114	-17,2051	
3115	-17,2368	
3116	-17,2697	
3117	-17,3011	
3118	-17,3389	
3119	-17,3724	
3120	-17,4155	
3121	-17,4669	
3122	-17,5218	
3123	-17,5761	
3124	-17,6245	
3125	-17,6819	
3126	-17,7642	
3127	-17,8462	
3128	-17,9345	
3129	-18,0361	
3130	-18,1498	
3131	-18,2801	
3132	-18,4449	
3133	-18,628	
3134	-18,837	
3135	-19,0613	
3136	-19,3173	
3137	-19,5865	
3138	-19,8225	
3139	-19,9298	
3140	-19,7575	
3141	-19,1324	
3142	-18,0269	
3143	-16,643	
3144	-15,3392	
3145	-14,4409	
3146	-14,0513	
3147	-14,0652	
3148	-14,2575	
3149	-14,5046	
3150	-14,7331	
3151	-14,9315	
3152	-15,1035	
3153	-15,2295	
3154	-15,3296	
3155	-15,4158	
3156	-15,4949	
3157	-15,5659	
3158	-15,627	
3159	-15,6814	
3160	-15,7323	
3161	-15,774	
3162	-15,8103	
3163	-15,8468	
3164	-15,8713	
3165	-15,9044	
3166	-15,9253	
3167	-15,9512	
3168	-15,976	
3169	-16,003	
3170	-16,0298	
3171	-16,0509	
3172	-16,0728	
3173	-16,0854	
3174	-16,1	
3175	-16,1157	
3176	-16,1184	
3177	-16,1115	
3178	-16,1163	
3179	-16,1099	
3180	-16,106	
3181	-16,0982	
3182	-16,0981	
3183	-16,0886	
3184	-16,0933	
3185	-16,0942	
3186	-16,1014	
3187	-16,1156	
3188	-16,1367	
3189	-16,1637	
3190	-16,212	
3191	-16,2664	
3192	-16,3244	
3193	-16,3929	
3194	-16,4604	
3195	-16,5389	
3196	-16,5986	
3197	-16,6402	
3198	-16,6762	
3199	-16,7095	
3200	-16,733	
3201	-16,7438	
3202	-16,7441	
3203	-16,7433	
3204	-16,7331	
3205	-16,7263	
3206	-16,7197	
3207	-16,7145	
3208	-16,7143	
3209	-16,7229	
3210	-16,7511	
3211	-16,798	
3212	-16,8678	
3213	-16,9516	
3214	-17,0341	
3215	-17,0608	
3216	-17,0135	
3217	-16,9589	
3218	-16,9225	
3219	-16,9184	
3220	-16,9302	
3221	-16,9609	
3222	-17,0095	
3223	-17,0429	
3224	-16,9994	
3225	-16,9111	
3226	-16,8406	
3227	-16,7963	
3228	-16,7749	
3229	-16,7671	
3230	-16,7545	
3231	-16,7519	
3232	-16,7563	
3233	-16,7612	
3234	-16,7638	
3235	-16,7661	
3236	-16,7652	
3237	-16,7691	
3238	-16,7817	
3239	-16,7855	
3240	-16,7964	
3241	-16,8051	
3242	-16,8145	
3243	-16,8233	
3244	-16,8219	
3245	-16,8302	
3246	-16,8233	
3247	-16,8147	
3248	-16,8147	
3249	-16,8041	
3250	-16,8082	
3251	-16,8031	
3252	-16,8001	
3253	-16,798	
3254	-16,7997	
3255	-16,7998	
3256	-16,8023	
3257	-16,8041	
3258	-16,807	
3259	-16,8067	
3260	-16,8148	
3261	-16,8184	
3262	-16,8238	
3263	-16,8271	
3264	-16,8329	
3265	-16,8441	
3266	-16,8472	
3267	-16,8505	
3268	-16,8655	
3269	-16,8837	
3270	-16,8981	
3271	-16,9062	
3272	-16,8943	
3273	-16,8876	
3274	-16,8734	
3275	-16,8859	
3276	-16,8859	
3277	-16,8901	
3278	-16,899	
3279	-16,8979	
3280	-16,8968	
3281	-16,8964	
3282	-16,8908	
3283	-16,8963	
3284	-16,9019	
3285	-16,9017	
3286	-16,9041	
3287	-16,916	
3288	-16,9204	
3289	-16,9255	
3290	-16,9296	
3291	-16,9372	
3292	-16,9369	
3293	-16,9452	
3294	-16,9511	
3295	-16,9521	
3296	-16,9587	
3297	-16,97	
3298	-16,972	
3299	-16,9753	
3300	-16,9848	
3301	-16,9917	
3302	-17,0015	
3303	-17,011	
3304	-17,0301	
3305	-17,0383	
3306	-17,0447	
3307	-17,0514	
3308	-17,074	
3309	-17,0862	
3310	-17,0956	
3311	-17,1059	
3312	-17,1247	
3313	-17,1437	
3314	-17,1644	
3315	-17,1774	
3316	-17,1945	
3317	-17,2248	
3318	-17,2426	
3319	-17,2799	
3320	-17,3028	
3321	-17,341	
3322	-17,3889	
3323	-17,4263	
3324	-17,4801	
3325	-17,5331	
3326	-17,5941	
3327	-17,679	
3328	-17,765	
3329	-17,8776	
3330	-18,0089	
3331	-18,1446	
3332	-18,2715	
3333	-18,3577	
3334	-18,3032	
3335	-17,8829	
3336	-16,8619	
3337	-15,4037	
3338	-14,3114	
3339	-14,1579	
3340	-14,4808	
3341	-14,8132	
3342	-15,0817	
3343	-15,2894	
3344	-15,4443	
3345	-15,5744	
3346	-15,6848	
3347	-15,7749	
3348	-15,8536	
3349	-15,9149	
3350	-15,9664	
3351	-16,021	
3352	-16,0558	
3353	-16,0974	
3354	-16,1235	
3355	-16,1538	
3356	-16,1793	
3357	-16,1968	
3358	-16,2191	
3359	-16,2388	
3360	-16,2631	
3361	-16,2834	
3362	-16,2979	
3363	-16,3054	
3364	-16,3263	
3365	-16,3371	
3366	-16,3507	
3367	-16,3581	
3368	-16,3654	
3369	-16,3697	
3370	-16,3747	
3371	-16,3821	
3372	-16,3909	
3373	-16,4014	
3374	-16,406	
3375	-16,4112	
3376	-16,4226	
3377	-16,4329	
3378	-16,436	
3379	-16,4445	
3380	-16,4576	
3381	-16,4557	
3382	-16,467	
3383	-16,4737	
3384	-16,4804	
3385	-16,4717	
3386	-16,479	
3387	-16,4799	
3388	-16,4843	
3389	-16,4946	
3390	-16,4884	
3391	-16,4869	
3392	-16,4827	
3393	-16,4859	
3394	-16,4872	
3395	-16,4851	
3396	-16,49	
3397	-16,489	
3398	-16,4904	
3399	-16,4928	
3400	-16,4946	
3401	-16,4852	
3402	-16,4806	
3403	-16,4788	
3404	-16,479	
3405	-16,4874	
3406	-16,4845	
3407	-16,4849	
3408	-16,4806	
3409	-16,4779	
3410	-16,4795	
3411	-16,4876	
3412	-16,4911	
3413	-16,4879	
3414	-16,4877	
3415	-16,485	
3416	-16,4792	
3417	-16,4721	
3418	-16,472	
3419	-16,482	
3420	-16,4824	
3421	-16,4804	
3422	-16,4826	
3423	-16,478	
3424	-16,4863	
3425	-16,4782	
3426	-16,4823	
3427	-16,4837	
3428	-16,4794	
3429	-16,4825	
3430	-16,4865	
3431	-16,4894	
3432	-16,4947	
3433	-16,5187	
3434	-16,5136	
3435	-16,5079	
3436	-16,5043	
3437	-16,5135	
3438	-16,5011	
3439	-16,4984	
3440	-16,4939	
3441	-16,4895	
3442	-16,4779	
3443	-16,4764	
3444	-16,4685	
3445	-16,4666	
3446	-16,4655	
3447	-16,4636	
3448	-16,4645	
3449	-16,4754	
3450	-16,4752	
3451	-16,4681	
3452	-16,4599	
3453	-16,4614	
3454	-16,4512	
3455	-16,4573	
3456	-16,4544	
3457	-16,4477	
3458	-16,4538	
3459	-16,4522	
3460	-16,4527	
3461	-16,4501	
3462	-16,455	
3463	-16,4541	
3464	-16,4495	
3465	-16,4532	
3466	-16,4699	
3467	-16,4749	
3468	-16,4789	
3469	-16,4822	
3470	-16,4835	
3471	-16,4747	
3472	-16,4665	
3473	-16,4508	
3474	-16,4415	
3475	-16,4393	
3476	-16,4404	
3477	-16,4521	
3478	-16,4516	
3479	-16,4563	
3480	-16,4666	
3481	-16,4669	
3482	-16,4707	
3483	-16,4712	
3484	-16,4758	
3485	-16,4729	
3486	-16,4836	
3487	-16,4905	
3488	-16,4897	
3489	-16,4969	
3490	-16,5078	
3491	-16,5106	
3492	-16,5158	
3493	-16,5257	
3494	-16,5389	
3495	-16,5511	
3496	-16,5553	
3497	-16,5741	
3498	-16,5858	
3499	-16,6087	
3500	-16,6311	
3501	-16,6543	
3502	-16,6805	
3503	-16,7123	
3504	-16,748	
3505	-16,7857	
3506	-16,8403	
3507	-16,8873	
3508	-16,9439	
3509	-17,0239	
3510	-17,0916	
3511	-17,1803	
3512	-17,3021	
3513	-17,4241	
3514	-17,5885	
3515	-17,7921	
3516	-18,0398	
3517	-18,3577	
3518	-18,7613	
3519	-19,3059	
3520	-20,0465	
3521	-21,0257	
3522	-22,01	
3523	-21,3146	
3524	-17,2235	
3525	-12,7055	
3526	-11,1626	
3527	-11,7829	
3528	-12,497	
3529	-13,0174	
3530	-13,3828	
3531	-13,6571	
3532	-13,868	
3533	-14,0345	
3534	-14,1786	
3535	-14,2863	
3536	-14,3776	
3537	-14,4438	
3538	-14,5113	
3539	-14,5692	
3540	-14,6123	
3541	-14,6498	
3542	-14,6819	
3543	-14,7167	
3544	-14,7396	
3545	-14,767	
3546	-14,7968	
3547	-14,8321	
3548	-14,8581	
3549	-14,8746	
3550	-14,8857	
3551	-14,9025	
3552	-14,9054	
3553	-14,9091	
3554	-14,9101	
3555	-14,9084	
3556	-14,9037	
3557	-14,9058	
3558	-14,8992	
3559	-14,8918	
3560	-14,8918	
3561	-14,8802	
3562	-14,873	
3563	-14,8727	
3564	-14,888	
3565	-14,9084	
3566	-14,9219	
3567	-14,9236	
3568	-14,9178	
3569	-14,9072	
3570	-14,8903	
3571	-14,8799	
3572	-14,8652	
3573	-14,8578	
3574	-14,8492	
3575	-14,847	
3576	-14,8604	
3577	-14,869	
3578	-14,8883	
3579	-14,9135	
3580	-14,9276	
3581	-14,9248	
3582	-14,9135	
3583	-14,9083	
3584	-14,9063	
3585	-14,8972	
3586	-14,8934	
3587	-14,8693	
3588	-14,8562	
3589	-14,835	
3590	-14,8014	
3591	-14,7728	
3592	-14,7486	
3593	-14,7255	
3594	-14,7031	
3595	-14,6918	
3596	-14,6733	
3597	-14,6589	
3598	-14,6508	
3599	-14,6358	
3600	-14,6267	
3601	-14,6231	
3602	-14,6118	
3603	-14,6107	
3604	-14,6213	
3605	-14,6248	
3606	-14,6345	
3607	-14,6395	
3608	-14,6356	
3609	-14,6402	
3610	-14,6238	
3611	-14,6088	
3612	-14,5903	
3613	-14,5838	
3614	-14,5636	
3615	-14,5391	
3616	-14,5201	
3617	-14,4932	
3618	-14,4783	
3619	-14,4668	
3620	-14,4586	
3621	-14,4601	
3622	-14,467	
3623	-14,4858	
3624	-14,5008	
3625	-14,5178	
3626	-14,5298	
3627	-14,5352	
3628	-14,52	
3629	-14,4979	
3630	-14,4596	
3631	-14,4214	
3632	-14,3942	
3633	-14,3607	
3634	-14,3299	
3635	-14,3072	
3636	-14,2813	
3637	-14,2491	
3638	-14,2119	
3639	-14,1808	
3640	-14,1493	
3641	-14,1188	
3642	-14,0842	
3643	-14,0522	
3644	-14,0253	
3645	-13,997	
3646	-13,963	
3647	-13,9339	
3648	-13,9073	
3649	-13,8851	
3650	-13,8603	
3651	-13,8417	
3652	-13,8179	
3653	-13,7974	
3654	-13,7789	
3655	-13,7595	
3656	-13,7361	
3657	-13,7192	
3658	-13,6933	
3659	-13,6663	
3660	-13,6486	
3661	-13,6294	
3662	-13,6044	
3663	-13,577	
3664	-13,5567	
3665	-13,5288	
3666	-13,503	
3667	-13,4802	
3668	-13,4488	
3669	-13,425	
3670	-13,4042	
3671	-13,3766	
3672	-13,3517	
3673	-13,3228	
3674	-13,3002	
3675	-13,2751	
3676	-13,2431	
3677	-13,2157	
3678	-13,1943	
3679	-13,177	
3680	-13,1519	
3681	-13,1259	
3682	-13,0998	
3683	-13,0785	
3684	-13,0434	
3685	-13,0117	
3686	-12,9728	
3687	-12,9341	
3688	-12,8988	
3689	-12,852	
3690	-12,8138	
3691	-12,765	
3692	-12,718	
3693	-12,6807	
3694	-12,6409	
3695	-12,6032	
3696	-12,5675	
3697	-12,5286	
3698	-12,4859	
3699	-12,4436	
3700	-12,3936	
3701	-12,3438	
3702	-12,3038	
3703	-12,2741	
3704	-12,2392	
3705	-12,2084	
3706	-12,1738	
3707	-12,1354	
3708	-12,0949	
3709	-12,0535	
3710	-12,0095	
3711	-11,9656	
3712	-11,9256	
3713	-11,8793	
3714	-11,8371	
3715	-11,8083	
3716	-11,7595	
3717	-11,7129	
3718	-11,6605	
3719	-11,6119	
3720	-11,5612	
3721	-11,5083	
3722	-11,4611	
3723	-11,4145	
3724	-11,3681	
3725	-11,3235	
3726	-11,2783	
3727	-11,2306	
3728	-11,1824	
3729	-11,1296	
3730	-11,0784	
3731	-11,0277	
3732	-10,9728	
3733	-10,9255	
3734	-10,8676	
3735	-10,8123	
3736	-10,7491	
3737	-10,694	
3738	-10,642	
3739	-10,5803	
3740	-10,5178	
3741	-10,459	
3742	-10,3951	
3743	-10,3312	
3744	-10,267	
3745	-10,1991	
3746	-10,1319	
3747	-10,0657	
3748	-9,99676	
3749	-9,92263	
3750	-9,84522	
3751	-9,76702	
3752	-9,68426	
3753	-9,59234	
3754	-9,50691	
3755	-9,41605	
3756	-9,32652	
3757	-9,23647	
3758	-9,16225	
3759	-9,1016	
3760	-9,0482	
3761	-8,98713	
3762	-8,9241	
3763	-8,84652	
3764	-8,76908	
3765	-8,68178	
3766	-8,59527	
3767	-8,50239	
3768	-8,40533	
3769	-8,30529	
3770	-8,20589	
3771	-8,10337	
3772	-8,00047	
3773	-7,90125	
3774	-7,79783	
3775	-7,69213	
3776	-7,59066	
3777	-7,48754	
3778	-7,38712	
3779	-7,28171	
3780	-7,16786	
3781	-7,0449	
3782	-6,91723	
3783	-6,79053	
3784	-6,65994	
3785	-6,52555	
3786	-6,39004	
3787	-6,2489	
3788	-6,10607	
3789	-5,96119	
3790	-5,80979	
3791	-5,65663	
3792	-5,50512	
3793	-5,35532	
3794	-5,20271	
3795	-5,03833	
3796	-4,84921	
3797	-4,6326	
3798	-4,4109	
3799	-4,21692	
3800	-4,06696	
3801	-3,92549	
3802	-3,73339	
3803	-3,4972	
3804	-3,24921	
3805	-2,99786	
3806	-2,74264	
3807	-2,47944	
3808	-2,2123	
3809	-1,93714	
3810	-1,65481	
3811	-1,3669	
3812	-1,06584	
3813	-0,745166	
3814	-0,406839	
3815	-0,0490257	
3816	0,320142	
3817	0,707602	
3818	1,1212	
3819	1,56527	
3820	2,03382	
3821	2,51911	
3822	3,03513	
3823	3,60241	
3824	4,19846	
3825	4,82099	
3826	5,49689	
3827	6,26282	
3828	7,1505	
3829	8,12775	
3830	9,16344	
3831	10,3135	
3832	11,6346	
3833	13,122	
3834	14,7378	
3835	16,3872	
3836	17,8048	
3837	18,3511	
3838	17,2895	
3839	15,135	
3840	13,0274	
3841	11,2466	
3842	9,7369	
3843	8,42916	
3844	7,27908	
3845	6,25245	
3846	5,31162	
3847	4,45422	
3848	3,66307	
3849	2,91768	
3850	2,21785	
3851	1,55694	
3852	0,929515	
3853	0,33903	
3854	-0,212468	
3855	-0,718924	
3856	-1,19052	
3857	-1,63862	
3858	-2,06328	
3859	-2,46883	
3860	-2,85585	
3861	-3,23699	
3862	-3,6149	
3863	-3,98683	
3864	-4,35766	
3865	-4,72289	
3866	-5,09107	
3867	-5,45458	
3868	-5,80263	
3869	-6,13628	
3870	-6,45707	
3871	-6,76113	
3872	-7,05432	
3873	-7,34032	
3874	-7,62004	
3875	-7,89534	
3876	-8,16762	
3877	-8,43213	
3878	-8,6913	
3879	-8,94587	
3880	-9,19739	
3881	-9,44564	
3882	-9,67909	
3883	-9,91285	
3884	-10,1441	
3885	-10,3627	
3886	-10,5882	
3887	-10,808	
3888	-11,0233	
3889	-11,2405	
3890	-11,4639	
3891	-11,688	
3892	-11,9116	
3893	-12,1247	
3894	-12,3328	
3895	-12,5421	
3896	-12,749	
3897	-12,9569	
3898	-13,1705	
3899	-13,3796	
3900	-13,5906	
3901	-13,8037	
3902	-14,0069	
3903	-14,2208	
3904	-14,4237	
3905	-14,6256	
3906	-14,8195	
3907	-14,9886	
3908	-15,1973	
3909	-15,3446	
3910	-15,5131	
3911	-15,7122	
3912	-15,9115	
3913	-16,0976	
3914	-16,2724	
3915	-16,4513	
3916	-16,6232	
3917	-16,7726	
3918	-16,9226	
3919	-17,078	
3920	-17,2323	
3921	-17,3856	
3922	-17,5383	
3923	-17,7007	
3924	-17,8933	
3925	-18,0838	
3926	-18,291	
3927	-18,4798	
3928	-18,6438	
3929	-18,8375	
3930	-19,0327	
3931	-19,2393	
3932	-19,4408	
3933	-19,6555	
3934	-19,8772	
3935	-20,0617	
3936	-20,2399	
3937	-20,3941	
3938	-20,5634	
3939	-20,7172	
3940	-20,864	
3941	-21,0364	
3942	-21,1933	
3943	-21,381	
3944	-21,5773	
3945	-21,828	
3946	-22,1854	
3947	-22,6986	
3948	-23,4887	
3949	-24,5899	
3950	-25,9827	
3951	-26,4202	
3952	-25,1894	
3953	-24,0679	
3954	-23,6178	
3955	-23,4993	
3956	-23,5435	
3957	-23,6498	
3958	-23,8088	
3959	-23,9564	
3960	-24,0875	
3961	-24,2132	
3962	-24,3312	
3963	-24,5002	
3964	-24,6649	
3965	-24,8417	
3966	-25,0183	
3967	-25,1699	
3968	-25,3723	
3969	-25,5796	
3970	-25,8068	
3971	-26,0139	
3972	-26,2459	
3973	-26,5014	
3974	-26,7357	
3975	-26,9542	
3976	-27,1407	
3977	-27,4006	
3978	-27,6255	
3979	-27,8306	
3980	-28,0279	
3981	-28,2424	
3982	-28,4474	
3983	-28,6996	
3984	-28,9467	
3985	-29,1856	
3986	-29,4756	
3987	-29,6971	
3988	-29,9741	
3989	-30,2	
3990	-30,4064	
3991	-30,5197	
3992	-30,7033	
3993	-30,8987	
3994	-31,0026	
3995	-31,2051	
3996	-31,4538	
3997	-31,6782	
3998	-31,9211	
3999	-32,2153	
4000	-32,5153	
