Frekvenca [Hz] - Frekv. prenosna funkcija	Amplituda frekv. prenosne funkcije [dB] - Frekv. prenosna funkcija	
0	-31,1482	
1	-31,1859	
2	-23,9511	
3	-20,2658	
4	-23,0265	
5	-23,3046	
6	-23,5463	
7	-23,6418	
8	-23,7409	
9	-23,8289	
10	-23,9834	
11	-24,2949	
12	-24,6654	
13	-23,4338	
14	-21,3268	
15	-21,7043	
16	-22,1034	
17	-22,3678	
18	-22,5693	
19	-22,6159	
20	-22,6618	
21	-22,7293	
22	-22,7731	
23	-22,8033	
24	-22,8369	
25	-22,8783	
26	-22,8976	
27	-22,9072	
28	-22,9288	
29	-22,9331	
30	-22,9447	
31	-22,9762	
32	-22,9816	
33	-22,9858	
34	-23,0001	
35	-23,0176	
36	-23,0209	
37	-23,041	
38	-23,0534	
39	-23,0652	
40	-23,067	
41	-23,0558	
42	-23,0213	
43	-23,0449	
44	-23,0451	
45	-23,0807	
46	-23,1134	
47	-23,1098	
48	-23,1029	
49	-23,0948	
50	-23,1052	
51	-23,1109	
52	-23,1009	
53	-23,1096	
54	-23,0979	
55	-23,1201	
56	-23,1229	
57	-23,128	
58	-23,1346	
59	-23,1414	
60	-23,1486	
61	-23,1548	
62	-23,1572	
63	-23,1531	
64	-23,1387	
65	-23,1457	
66	-23,1525	
67	-23,1692	
68	-23,1621	
69	-23,1532	
70	-23,1589	
71	-23,1616	
72	-23,1732	
73	-23,1784	
74	-23,1927	
75	-23,193	
76	-23,1933	
77	-23,1881	
78	-23,1884	
79	-23,1878	
80	-23,182	
81	-23,1933	
82	-23,1917	
83	-23,2069	
84	-23,203	
85	-23,1942	
86	-23,193	
87	-23,1976	
88	-23,2059	
89	-23,1994	
90	-23,1933	
91	-23,194	
92	-23,1892	
93	-23,1909	
94	-23,1942	
95	-23,1831	
96	-23,1787	
97	-23,1712	
98	-23,1816	
99	-23,177	
100	-23,1611	
101	-23,1597	
102	-23,1492	
103	-23,1527	
104	-23,1368	
105	-23,1465	
106	-23,1412	
107	-23,1291	
108	-23,1268	
109	-23,1333	
110	-23,1128	
111	-23,1002	
112	-23,1069	
113	-23,0952	
114	-23,0835	
115	-23,0813	
116	-23,0578	
117	-23,0463	
118	-23,0409	
119	-23,0448	
120	-23,0281	
121	-23,0255	
122	-23,0136	
123	-23,0059	
124	-22,9964	
125	-22,9873	
126	-22,9824	
127	-22,9685	
128	-22,9653	
129	-22,9542	
130	-22,9527	
131	-22,9288	
132	-22,9126	
133	-22,8965	
134	-22,8782	
135	-22,8722	
136	-22,8621	
137	-22,8435	
138	-22,82	
139	-22,8101	
140	-22,7927	
141	-22,763	
142	-22,748	
143	-22,7471	
144	-22,7245	
145	-22,7096	
146	-22,6906	
147	-22,6667	
148	-22,6383	
149	-22,6202	
150	-22,6098	
151	-22,5881	
152	-22,5516	
153	-22,5469	
154	-22,5133	
155	-22,4961	
156	-22,4757	
157	-22,4572	
158	-22,4319	
159	-22,4043	
160	-22,3757	
161	-22,341	
162	-22,3144	
163	-22,2906	
164	-22,2653	
165	-22,2348	
166	-22,199	
167	-22,1649	
168	-22,136	
169	-22,0972	
170	-22,0668	
171	-22,0261	
172	-21,9884	
173	-21,9463	
174	-21,9029	
175	-21,8583	
176	-21,804	
177	-21,7637	
178	-21,7121	
179	-21,6723	
180	-21,6233	
181	-21,5718	
182	-21,5077	
183	-21,452	
184	-21,3913	
185	-21,323	
186	-21,2583	
187	-21,1884	
188	-21,1223	
189	-21,0453	
190	-20,9738	
191	-20,888	
192	-20,804	
193	-20,7113	
194	-20,6084	
195	-20,5	
196	-20,3884	
197	-20,2678	
198	-20,1459	
199	-20,0196	
200	-19,9009	
201	-19,7582	
202	-19,5974	
203	-19,4189	
204	-19,2172	
205	-19,006	
206	-18,7702	
207	-18,5488	
208	-18,2637	
209	-17,9614	
210	-17,6176	
211	-17,3045	
212	-16,8965	
213	-16,4819	
214	-15,9483	
215	-15,3532	
216	-14,6458	
217	-13,817	
218	-12,8253	
219	-11,6072	
220	-10,0121	
221	-7,92848	
222	-4,45789	
223	0,940432	
224	6,33301	
225	-2,59457	
226	-7,87783	
227	-12,4096	
228	-15,4598	
229	-17,6989	
230	-19,595	
231	-21,9262	
232	-24,9205	
233	-26,2637	
234	-28,0624	
235	-30,8198	
236	-33,0355	
237	-36,2793	
238	-39,4995	
239	-45,2223	
240	-45,59	
241	-49,8671	
242	-43,7846	
243	-41,6342	
244	-39,869	
245	-38,5948	
246	-37,1342	
247	-36,1546	
248	-35,4307	
249	-34,5982	
250	-33,8448	
251	-33,3226	
252	-32,7609	
253	-32,3323	
254	-31,9738	
255	-31,6798	
256	-31,4047	
257	-31,1275	
258	-30,9097	
259	-30,7147	
260	-30,5217	
261	-30,3725	
262	-30,2274	
263	-30,0439	
264	-29,9108	
265	-29,8189	
266	-29,7552	
267	-29,7919	
268	-29,9624	
269	-30,3868	
270	-30,5488	
271	-29,9257	
272	-29,3828	
273	-29,0798	
274	-28,9236	
275	-28,8073	
276	-28,7107	
277	-28,6153	
278	-28,5402	
279	-28,4866	
280	-28,4507	
281	-28,4276	
282	-28,4526	
283	-28,4949	
284	-28,4636	
285	-28,3326	
286	-28,1855	
287	-28,0775	
288	-28,0381	
289	-27,9887	
290	-27,9568	
291	-27,9161	
292	-27,875	
293	-27,8409	
294	-27,8001	
295	-27,7578	
296	-27,7412	
297	-27,7302	
298	-27,7028	
299	-27,6824	
300	-27,6643	
301	-27,6484	
302	-27,6105	
303	-27,6099	
304	-27,604	
305	-27,5868	
306	-27,5722	
307	-27,5675	
308	-27,5586	
309	-27,5483	
310	-27,5331	
311	-27,5343	
312	-27,5304	
313	-27,5242	
314	-27,5138	
315	-27,4948	
316	-27,4766	
317	-27,4795	
318	-27,472	
319	-27,4805	
320	-27,4605	
321	-27,4425	
322	-27,4498	
323	-27,4674	
324	-27,4604	
325	-27,4566	
326	-27,4578	
327	-27,4737	
328	-27,4657	
329	-27,4628	
330	-27,464	
331	-27,4605	
332	-27,4641	
333	-27,4602	
334	-27,444	
335	-27,4529	
336	-27,4677	
337	-27,4616	
338	-27,4788	
339	-27,5081	
340	-27,5386	
341	-27,5652	
342	-27,5942	
343	-27,6115	
344	-27,6203	
345	-27,638	
346	-27,6663	
347	-27,6777	
348	-27,6873	
349	-27,7127	
350	-27,7221	
351	-27,7261	
352	-27,7474	
353	-27,7699	
354	-27,7978	
355	-27,8045	
356	-27,8183	
357	-27,8466	
358	-27,8715	
359	-27,8935	
360	-27,9105	
361	-27,9302	
362	-27,9604	
363	-27,9759	
364	-28,0001	
365	-28,042	
366	-28,0678	
367	-28,0781	
368	-28,1135	
369	-28,146	
370	-28,1828	
371	-28,2117	
372	-28,2536	
373	-28,2794	
374	-28,3097	
375	-28,3402	
376	-28,3766	
377	-28,4177	
378	-28,4562	
379	-28,5138	
380	-28,572	
381	-28,6113	
382	-28,6429	
383	-28,7035	
384	-28,7314	
385	-28,7903	
386	-28,8394	
387	-28,9042	
388	-28,9454	
389	-29,0084	
390	-29,0844	
391	-29,1424	
392	-29,2034	
393	-29,2698	
394	-29,3246	
395	-29,4077	
396	-29,4838	
397	-29,5779	
398	-29,627	
399	-29,7155	
400	-29,8074	
401	-29,8901	
402	-29,9902	
403	-30,0993	
404	-30,2042	
405	-30,3454	
406	-30,4188	
407	-30,5474	
408	-30,6561	
409	-30,7778	
410	-30,9158	
411	-31,0478	
412	-31,1854	
413	-31,3727	
414	-31,5404	
415	-31,7273	
416	-31,9692	
417	-32,1841	
418	-32,3697	
419	-32,602	
420	-32,8954	
421	-33,2479	
422	-33,5467	
423	-33,9018	
424	-34,2963	
425	-34,6521	
426	-35,092	
427	-35,6232	
428	-36,3871	
429	-37,0406	
430	-38,049	
431	-39,1089	
432	-40,5485	
433	-42,0266	
434	-44,9881	
435	-49,1055	
436	-52,7647	
437	-45,2276	
438	-41,0194	
439	-36,4354	
440	-33,4279	
441	-29,4651	
442	-25,7532	
443	-21,9882	
444	-17,5008	
445	-12,0984	
446	-8,99309	
447	-15,2716	
448	-19,3292	
449	-21,1683	
450	-22,7906	
451	-24,5069	
452	-25,6987	
453	-26,6702	
454	-27,4244	
455	-28,2418	
456	-29,5801	
457	-30,2748	
458	-30,6763	
459	-31,7508	
460	-32,8634	
461	-33,8852	
462	-34,6606	
463	-35,9207	
464	-37,6075	
465	-39,1881	
466	-42,1471	
467	-46,6863	
468	-53,5633	
469	-52,9896	
470	-46,2019	
471	-42,711	
472	-41,1643	
473	-39,9891	
474	-38,4844	
475	-37,3625	
476	-36,1068	
477	-34,8588	
478	-33,6817	
479	-32,5213	
480	-31,4238	
481	-30,3374	
482	-29,314	
483	-28,2945	
484	-27,3369	
485	-26,4344	
486	-25,6488	
487	-24,8667	
488	-24,0154	
489	-23,1419	
490	-22,2852	
491	-21,4248	
492	-20,6084	
493	-19,9019	
494	-19,0138	
495	-17,946	
496	-16,9822	
497	-16,0256	
498	-15,0335	
499	-14,0028	
500	-12,9122	
501	-11,7452	
502	-10,4772	
503	-9,07075	
504	-7,51478	
505	-5,76393	
506	-3,77991	
507	-1,53541	
508	0,961102	
509	3,53145	
510	5,71533	
511	6,58279	
512	4,49283	
513	0,57927	
514	-1,82413	
515	-3,43295	
516	-4,72406	
517	-5,83372	
518	-6,79949	
519	-7,63323	
520	-8,36103	
521	-9,01239	
522	-9,60753	
523	-10,1442	
524	-10,619	
525	-11,0576	
526	-11,4739	
527	-11,8776	
528	-12,2591	
529	-12,6014	
530	-12,9154	
531	-13,2039	
532	-13,4938	
533	-13,8802	
534	-14,2195	
535	-14,3296	
536	-14,4129	
537	-14,5721	
538	-14,7595	
539	-14,9522	
540	-15,1417	
541	-15,3142	
542	-15,4842	
543	-15,6477	
544	-15,8067	
545	-15,9597	
546	-16,1345	
547	-16,3035	
548	-16,4095	
549	-16,5014	
550	-16,5526	
551	-16,6499	
552	-16,7996	
553	-16,8835	
554	-16,9824	
555	-17,0856	
556	-17,1826	
557	-17,2641	
558	-17,3374	
559	-17,4228	
560	-17,5354	
561	-17,6147	
562	-17,6898	
563	-17,7702	
564	-17,8595	
565	-17,9411	
566	-18,0267	
567	-18,0943	
568	-18,1602	
569	-18,2441	
570	-18,3181	
571	-18,38	
572	-18,4383	
573	-18,4923	
574	-18,5626	
575	-18,6659	
576	-18,7767	
577	-18,8525	
578	-18,8771	
579	-18,9089	
580	-18,9571	
581	-19,0069	
582	-19,0589	
583	-19,1182	
584	-19,1814	
585	-19,2374	
586	-19,294	
587	-19,356	
588	-19,4007	
589	-19,4434	
590	-19,4904	
591	-19,5169	
592	-19,5492	
593	-19,5826	
594	-19,6151	
595	-19,6542	
596	-19,6965	
597	-19,7119	
598	-19,755	
599	-19,8379	
600	-19,8519	
601	-19,8711	
602	-19,9193	
603	-19,9633	
604	-20,0056	
605	-20,0288	
606	-20,0865	
607	-20,1417	
608	-20,1829	
609	-20,2267	
610	-20,2754	
611	-20,3091	
612	-20,3346	
613	-20,3517	
614	-20,3992	
615	-20,4339	
616	-20,459	
617	-20,4866	
618	-20,519	
619	-20,5509	
620	-20,5917	
621	-20,6353	
622	-20,6762	
623	-20,7097	
624	-20,7406	
625	-20,7706	
626	-20,8076	
627	-20,847	
628	-20,8826	
629	-20,9128	
630	-20,9463	
631	-20,978	
632	-21,0248	
633	-21,0509	
634	-21,0937	
635	-21,1305	
636	-21,1475	
637	-21,1791	
638	-21,2116	
639	-21,2301	
640	-21,2769	
641	-21,3209	
642	-21,3653	
643	-21,4148	
644	-21,4564	
645	-21,5068	
646	-21,5428	
647	-21,5855	
648	-21,6324	
649	-21,6796	
650	-21,7166	
651	-21,7555	
652	-21,8018	
653	-21,8568	
654	-21,9262	
655	-21,9533	
656	-21,9856	
657	-22,0288	
658	-22,0675	
659	-22,0968	
660	-22,1489	
661	-22,1913	
662	-22,2342	
663	-22,2875	
664	-22,33	
665	-22,3861	
666	-22,4586	
667	-22,5455	
668	-22,5932	
669	-22,7837	
670	-22,6169	
671	-22,8651	
672	-22,6313	
673	-22,7694	
674	-22,807	
675	-22,8961	
676	-22,9993	
677	-23,0919	
678	-23,1709	
679	-23,2449	
680	-23,3185	
681	-23,3964	
682	-23,4576	
683	-23,5365	
684	-23,6163	
685	-23,6876	
686	-23,7644	
687	-23,8483	
688	-23,91	
689	-24,0126	
690	-24,1359	
691	-24,1482	
692	-24,1704	
693	-24,2924	
694	-24,4387	
695	-24,606	
696	-24,7799	
697	-24,9725	
698	-25,1469	
699	-25,2925	
700	-25,4277	
701	-25,5785	
702	-25,7558	
703	-25,9209	
704	-26,0914	
705	-26,2635	
706	-26,4758	
707	-26,6784	
708	-26,7527	
709	-26,8976	
710	-27,2058	
711	-27,5074	
712	-27,7352	
713	-27,942	
714	-28,0939	
715	-28,2969	
716	-28,3814	
717	-28,3989	
718	-28,6111	
719	-29,2819	
720	-29,9393	
721	-30,5986	
722	-31,2331	
723	-31,9039	
724	-32,6722	
725	-33,3828	
726	-34,2709	
727	-35,3662	
728	-36,7357	
729	-38,5461	
730	-40,4149	
731	-41,0822	
732	-40,437	
733	-39,9427	
734	-36,6744	
735	-34,4544	
736	-35,4533	
737	-34,488	
738	-33,4823	
739	-32,6956	
740	-31,2388	
741	-29,7714	
742	-28,3923	
743	-27,2354	
744	-26,1584	
745	-25,2038	
746	-24,2849	
747	-23,382	
748	-22,5468	
749	-21,864	
750	-21,2085	
751	-20,3906	
752	-19,5096	
753	-18,681	
754	-18,1732	
755	-18,2572	
756	-16,5855	
757	-14,2017	
758	-12,8613	
759	-11,9272	
760	-10,9717	
761	-9,98754	
762	-8,894	
763	-7,69719	
764	-6,4244	
765	-5,07248	
766	-3,5852	
767	-1,89821	
768	0,0513086	
769	2,29626	
770	4,83888	
771	7,58144	
772	10,1376	
773	11,518	
774	9,50281	
775	5,28799	
776	2,81735	
777	1,11218	
778	-0,24199	
779	-1,35627	
780	-2,28587	
781	-3,10046	
782	-3,83564	
783	-4,48642	
784	-5,07814	
785	-5,61322	
786	-6,1012	
787	-6,55663	
788	-6,97217	
789	-7,3682	
790	-7,75712	
791	-8,10385	
792	-8,39716	
793	-8,67695	
794	-8,93659	
795	-9,214	
796	-9,51568	
797	-9,86234	
798	-10,1145	
799	-10,139	
800	-10,1353	
801	-10,2984	
802	-10,498	
803	-10,6471	
804	-10,7874	
805	-10,949	
806	-11,1171	
807	-11,3291	
808	-11,5506	
809	-11,6634	
810	-11,7036	
811	-11,7552	
812	-11,8391	
813	-11,9258	
814	-12,0232	
815	-12,1233	
816	-12,2141	
817	-12,3043	
818	-12,376	
819	-12,4321	
820	-12,5858	
821	-12,7158	
822	-12,5716	
823	-12,672	
824	-12,7527	
825	-12,8098	
826	-12,875	
827	-12,9406	
828	-13,0097	
829	-13,0628	
830	-13,1206	
831	-13,183	
832	-13,2442	
833	-13,2936	
834	-13,3331	
835	-13,3597	
836	-13,4014	
837	-13,4704	
838	-13,5431	
839	-13,5935	
840	-13,6069	
841	-13,6143	
842	-13,6477	
843	-13,6822	
844	-13,712	
845	-13,747	
846	-13,7875	
847	-13,8158	
848	-13,8486	
849	-13,8823	
850	-13,9055	
851	-13,9256	
852	-13,9557	
853	-13,984	
854	-14,0125	
855	-14,0351	
856	-14,0651	
857	-14,0926	
858	-14,1136	
859	-14,1372	
860	-14,156	
861	-14,1671	
862	-14,1781	
863	-14,2095	
864	-14,2355	
865	-14,2576	
866	-14,2728	
867	-14,2883	
868	-14,3008	
869	-14,3188	
870	-14,3397	
871	-14,3546	
872	-14,366	
873	-14,3812	
874	-14,3963	
875	-14,4256	
876	-14,443	
877	-14,4399	
878	-14,4479	
879	-14,4577	
880	-14,4662	
881	-14,483	
882	-14,5061	
883	-14,5195	
884	-14,534	
885	-14,5352	
886	-14,5351	
887	-14,5497	
888	-14,5576	
889	-14,5677	
890	-14,5831	
891	-14,5912	
892	-14,6001	
893	-14,6409	
894	-14,5637	
895	-14,6	
896	-14,5811	
897	-14,6026	
898	-14,6208	
899	-14,6264	
900	-14,6305	
901	-14,6225	
902	-14,6191	
903	-14,619	
904	-14,6213	
905	-14,626	
906	-14,6316	
907	-14,6431	
908	-14,6476	
909	-14,6483	
910	-14,6535	
911	-14,6569	
912	-14,6527	
913	-14,6578	
914	-14,6617	
915	-14,682	
916	-14,6999	
917	-14,6938	
918	-14,6869	
919	-14,6823	
920	-14,6731	
921	-14,6649	
922	-14,6678	
923	-14,668	
924	-14,6706	
925	-14,6745	
926	-14,6865	
927	-14,6956	
928	-14,7002	
929	-14,6996	
930	-14,6975	
931	-14,6935	
932	-14,6954	
933	-14,6943	
934	-14,6807	
935	-14,6723	
936	-14,6771	
937	-14,6828	
938	-14,6944	
939	-14,6991	
940	-14,684	
941	-14,6756	
942	-14,6974	
943	-14,7062	
944	-14,6941	
945	-14,6904	
946	-14,6825	
947	-14,6755	
948	-14,6711	
949	-14,6663	
950	-14,6582	
951	-14,6627	
952	-14,6748	
953	-14,6837	
954	-14,6925	
955	-14,6967	
956	-14,6737	
957	-14,6582	
958	-14,649	
959	-14,5908	
960	-14,582	
961	-14,5735	
962	-14,5699	
963	-14,5691	
964	-14,5596	
965	-14,5544	
966	-14,5407	
967	-14,5293	
968	-14,5173	
969	-14,5077	
970	-14,5071	
971	-14,5048	
972	-14,4998	
973	-14,4889	
974	-14,4813	
975	-14,4683	
976	-14,464	
977	-14,4583	
978	-14,4245	
979	-14,3888	
980	-14,3882	
981	-14,4165	
982	-14,4277	
983	-14,4254	
984	-14,4247	
985	-14,4192	
986	-14,4097	
987	-14,4042	
988	-14,394	
989	-14,384	
990	-14,3738	
991	-14,3649	
992	-14,3627	
993	-14,3571	
994	-14,3518	
995	-14,3489	
996	-14,3496	
997	-14,3129	
998	-14,2932	
999	-14,282	
1000	-14,2728	
1001	-14,2562	
1002	-14,2403	
1003	-14,2288	
1004	-14,2234	
1005	-14,2184	
1006	-14,2106	
1007	-14,1941	
1008	-14,1793	
1009	-14,1757	
1010	-14,1685	
1011	-14,1571	
1012	-14,1507	
1013	-14,1407	
1014	-14,1305	
1015	-14,122	
1016	-14,1201	
1017	-14,1184	
1018	-14,1074	
1019	-14,0859	
1020	-14,0565	
1021	-14,0017	
1022	-13,9524	
1023	-13,9269	
1024	-13,9039	
1025	-13,883	
1026	-13,872	
1027	-13,8688	
1028	-13,8571	
1029	-13,8424	
1030	-13,8226	
1031	-13,8077	
1032	-13,794	
1033	-13,7796	
1034	-13,7583	
1035	-13,7389	
1036	-13,7247	
1037	-13,7172	
1038	-13,7001	
1039	-13,6814	
1040	-13,6678	
1041	-13,65	
1042	-13,6074	
1043	-13,6245	
1044	-13,6796	
1045	-13,6269	
1046	-13,607	
1047	-13,5889	
1048	-13,5738	
1049	-13,5632	
1050	-13,5554	
1051	-13,5534	
1052	-13,5486	
1053	-13,548	
1054	-13,5639	
1055	-13,5874	
1056	-13,6143	
1057	-13,629	
1058	-13,6075	
1059	-13,5492	
1060	-13,4742	
1061	-13,4297	
1062	-13,3967	
1063	-13,3442	
1064	-13,3025	
1065	-13,2762	
1066	-13,2433	
1067	-13,2112	
1068	-13,1852	
1069	-13,1638	
1070	-13,1398	
1071	-13,1178	
1072	-13,0915	
1073	-13,0666	
1074	-13,037	
1075	-13,0113	
1076	-12,9853	
1077	-12,958	
1078	-12,9423	
1079	-12,9307	
1080	-12,9125	
1081	-12,8935	
1082	-12,8716	
1083	-12,8409	
1084	-12,8068	
1085	-12,7806	
1086	-12,7654	
1087	-12,7483	
1088	-12,7282	
1089	-12,702	
1090	-12,6782	
1091	-12,6537	
1092	-12,6265	
1093	-12,6042	
1094	-12,5806	
1095	-12,5557	
1096	-12,5253	
1097	-12,4926	
1098	-12,4682	
1099	-12,4448	
1100	-12,4188	
1101	-12,386	
1102	-12,3577	
1103	-12,3311	
1104	-12,303	
1105	-12,2738	
1106	-12,2495	
1107	-12,2223	
1108	-12,1869	
1109	-12,1481	
1110	-12,1276	
1111	-12,099	
1112	-12,0652	
1113	-12,0344	
1114	-12,0004	
1115	-11,9742	
1116	-11,9478	
1117	-11,911	
1118	-11,8841	
1119	-11,8427	
1120	-11,8118	
1121	-11,7814	
1122	-11,7506	
1123	-11,7236	
1124	-11,6929	
1125	-11,6526	
1126	-11,6154	
1127	-11,5759	
1128	-11,5379	
1129	-11,5015	
1130	-11,4652	
1131	-11,4271	
1132	-11,3869	
1133	-11,3434	
1134	-11,3013	
1135	-11,2605	
1136	-11,2117	
1137	-11,1657	
1138	-11,1261	
1139	-11,0899	
1140	-11,0499	
1141	-11,0075	
1142	-10,9663	
1143	-10,921	
1144	-10,8714	
1145	-10,8179	
1146	-10,7737	
1147	-10,7295	
1148	-10,6821	
1149	-10,6316	
1150	-10,5799	
1151	-10,5264	
1152	-10,467	
1153	-10,4093	
1154	-10,3459	
1155	-10,292	
1156	-10,2508	
1157	-10,1955	
1158	-10,1326	
1159	-10,0721	
1160	-10,0108	
1161	-9,95094	
1162	-9,89006	
1163	-9,8163	
1164	-9,7309	
1165	-9,6547	
1166	-9,58586	
1167	-9,51305	
1168	-9,43346	
1169	-9,35456	
1170	-9,27238	
1171	-9,18865	
1172	-9,10007	
1173	-9,01701	
1174	-8,92523	
1175	-8,82785	
1176	-8,73045	
1177	-8,62611	
1178	-8,52631	
1179	-8,41745	
1180	-8,30696	
1181	-8,18907	
1182	-8,06151	
1183	-7,95308	
1184	-7,8311	
1185	-7,712	
1186	-7,58617	
1187	-7,42886	
1188	-7,23998	
1189	-7,03786	
1190	-6,83538	
1191	-6,62403	
1192	-6,40014	
1193	-6,16387	
1194	-5,91338	
1195	-5,63963	
1196	-5,33982	
1197	-5,01039	
1198	-4,64411	
1199	-4,22743	
1200	-3,74428	
1201	-3,18118	
1202	-2,49659	
1203	-1,61941	
1204	-0,47475	
1205	0,858889	
1206	1,91898	
1207	-0,000785557	
1208	-7,95935	
1209	-10,6505	
1210	-7,92018	
1211	-6,0197	
1212	-4,47282	
1213	-3,08318	
1214	-1,72053	
1215	-0,252642	
1216	1,39621	
1217	3,38049	
1218	5,94022	
1219	9,28363	
1220	13,771	
1221	15,6057	
1222	8,58861	
1223	3,83801	
1224	0,698578	
1225	-1,7807	
1226	-3,94417	
1227	-5,85237	
1228	-7,57478	
1229	-9,22489	
1230	-10,8426	
1231	-12,4701	
1232	-14,1089	
1233	-15,8268	
1234	-17,6572	
1235	-19,583	
1236	-21,7467	
1237	-24,3102	
1238	-27,4146	
1239	-31,5921	
1240	-38,2286	
1241	-43,653	
1242	-36,2156	
1243	-31,9363	
1244	-29,1164	
1245	-27,108	
1246	-25,6355	
1247	-24,3208	
1248	-23,1622	
1249	-22,2799	
1250	-21,5251	
1251	-20,8686	
1252	-20,2551	
1253	-19,6881	
1254	-19,2044	
1255	-18,7651	
1256	-18,3715	
1257	-18,0042	
1258	-17,6689	
1259	-17,3505	
1260	-17,0495	
1261	-16,7698	
1262	-16,5081	
1263	-16,2523	
1264	-16	
1265	-15,8073	
1266	-15,6475	
1267	-15,5418	
1268	-15,3485	
1269	-15,1398	
1270	-14,9735	
1271	-14,8388	
1272	-14,6778	
1273	-14,5285	
1274	-14,3809	
1275	-14,2383	
1276	-14,1047	
1277	-13,9702	
1278	-13,8423	
1279	-13,7131	
1280	-13,5783	
1281	-13,4456	
1282	-13,3318	
1283	-13,2515	
1284	-13,1874	
1285	-13,1064	
1286	-13,0055	
1287	-12,912	
1288	-12,8282	
1289	-12,7342	
1290	-12,6394	
1291	-12,5445	
1292	-12,4543	
1293	-12,3727	
1294	-12,291	
1295	-12,2053	
1296	-12,1156	
1297	-12,0279	
1298	-11,9459	
1299	-11,8621	
1300	-11,7826	
1301	-11,7075	
1302	-11,6346	
1303	-11,5579	
1304	-11,4844	
1305	-11,4219	
1306	-11,3467	
1307	-11,2613	
1308	-11,1901	
1309	-11,1209	
1310	-11,045	
1311	-10,9699	
1312	-10,8959	
1313	-10,8255	
1314	-10,753	
1315	-10,6705	
1316	-10,5992	
1317	-10,5194	
1318	-10,446	
1319	-10,3845	
1320	-10,3309	
1321	-10,2747	
1322	-10,2182	
1323	-10,1523	
1324	-10,0833	
1325	-10,0187	
1326	-9,95494	
1327	-9,88839	
1328	-9,82037	
1329	-9,75408	
1330	-9,69228	
1331	-9,62407	
1332	-9,54354	
1333	-9,48363	
1334	-9,41615	
1335	-9,34574	
1336	-9,27589	
1337	-9,20721	
1338	-9,14539	
1339	-9,08225	
1340	-9,01276	
1341	-8,94499	
1342	-8,87343	
1343	-8,80966	
1344	-8,74052	
1345	-8,67344	
1346	-8,60206	
1347	-8,53889	
1348	-8,47634	
1349	-8,40461	
1350	-8,32999	
1351	-8,26344	
1352	-8,19204	
1353	-8,12507	
1354	-8,05741	
1355	-7,98004	
1356	-7,90618	
1357	-7,83536	
1358	-7,76597	
1359	-7,69728	
1360	-7,62457	
1361	-7,5542	
1362	-7,48594	
1363	-7,41365	
1364	-7,33857	
1365	-7,26704	
1366	-7,19824	
1367	-7,12923	
1368	-7,05687	
1369	-6,98001	
1370	-6,90283	
1371	-6,82871	
1372	-6,74596	
1373	-6,67054	
1374	-6,59418	
1375	-6,51661	
1376	-6,44062	
1377	-6,36225	
1378	-6,28152	
1379	-6,20091	
1380	-6,12406	
1381	-6,04083	
1382	-5,95887	
1383	-5,87676	
1384	-5,79504	
1385	-5,71273	
1386	-5,62975	
1387	-5,54559	
1388	-5,46147	
1389	-5,37573	
1390	-5,2853	
1391	-5,19999	
1392	-5,11721	
1393	-5,03348	
1394	-4,94343	
1395	-4,8528	
1396	-4,76715	
1397	-4,68512	
1398	-4,58785	
1399	-4,48892	
1400	-4,39708	
1401	-4,3013	
1402	-4,20073	
1403	-4,09946	
1404	-3,99924	
1405	-3,89421	
1406	-3,79909	
1407	-3,70063	
1408	-3,59171	
1409	-3,48015	
1410	-3,36983	
1411	-3,25865	
1412	-3,14898	
1413	-3,03744	
1414	-2,92273	
1415	-2,80835	
1416	-2,6939	
1417	-2,57832	
1418	-2,46441	
1419	-2,35119	
1420	-2,23025	
1421	-2,10521	
1422	-1,97694	
1423	-1,84008	
1424	-1,7021	
1425	-1,59617	
1426	-1,50911	
1427	-1,37979	
1428	-1,22059	
1429	-1,07346	
1430	-0,936581	
1431	-0,794808	
1432	-0,648814	
1433	-0,498714	
1434	-0,345101	
1435	-0,192002	
1436	-0,0386303	
1437	0,113376	
1438	0,269313	
1439	0,431179	
1440	0,59323	
1441	0,761649	
1442	0,94634	
1443	1,15033	
1444	1,33451	
1445	1,52412	
1446	1,69706	
1447	1,88342	
1448	2,06907	
1449	2,25488	
1450	2,45313	
1451	2,66872	
1452	2,89511	
1453	3,13297	
1454	3,37275	
1455	3,61105	
1456	3,85968	
1457	4,11437	
1458	4,37614	
1459	4,64555	
1460	4,92298	
1461	5,21352	
1462	5,51435	
1463	5,82314	
1464	6,14581	
1465	6,48795	
1466	6,84785	
1467	7,21557	
1468	7,5903	
1469	7,98241	
1470	8,40499	
1471	8,84986	
1472	9,30829	
1473	9,77934	
1474	10,2727	
1475	10,8116	
1476	11,3953	
1477	12,0106	
1478	12,6779	
1479	13,4149	
1480	14,2207	
1481	15,1079	
1482	16,0893	
1483	17,1898	
1484	18,4484	
1485	19,8974	
1486	21,593	
1487	23,5963	
1488	25,9572	
1489	28,543	
1490	30,8103	
1491	30,7624	
1492	27,3318	
1493	24,0945	
1494	21,8017	
1495	20,0252	
1496	18,5499	
1497	17,2752	
1498	16,1521	
1499	15,1545	
1500	14,2596	
1501	13,4422	
1502	12,692	
1503	12,0066	
1504	11,3709	
1505	10,7655	
1506	10,1996	
1507	9,68072	
1508	9,20067	
1509	8,72755	
1510	8,27615	
1511	7,85187	
1512	7,44486	
1513	7,05351	
1514	6,67468	
1515	6,30667	
1516	5,95116	
1517	5,61001	
1518	5,28046	
1519	4,96192	
1520	4,65385	
1521	4,35567	
1522	4,06632	
1523	3,78175	
1524	3,49809	
1525	3,22109	
1526	2,97137	
1527	2,74295	
1528	2,52541	
1529	2,30554	
1530	2,09109	
1531	1,88935	
1532	1,67986	
1533	1,46359	
1534	1,25396	
1535	1,05288	
1536	0,853736	
1537	0,66109	
1538	0,470594	
1539	0,275414	
1540	0,0881091	
1541	-0,100218	
1542	-0,287918	
1543	-0,460035	
1544	-0,626344	
1545	-0,793529	
1546	-0,954637	
1547	-1,11259	
1548	-1,27249	
1549	-1,42651	
1550	-1,58193	
1551	-1,73239	
1552	-1,87738	
1553	-2,01868	
1554	-2,18053	
1555	-2,36578	
1556	-2,55615	
1557	-2,69623	
1558	-2,79489	
1559	-2,91508	
1560	-3,04784	
1561	-3,17769	
1562	-3,30368	
1563	-3,42303	
1564	-3,54652	
1565	-3,66523	
1566	-3,79053	
1567	-3,91844	
1568	-4,04699	
1569	-4,17465	
1570	-4,30361	
1571	-4,4303	
1572	-4,55271	
1573	-4,66669	
1574	-4,77443	
1575	-4,8869	
1576	-5,00394	
1577	-5,11366	
1578	-5,22354	
1579	-5,34004	
1580	-5,45435	
1581	-5,56172	
1582	-5,6643	
1583	-5,76993	
1584	-5,8747	
1585	-5,97713	
1586	-6,07319	
1587	-6,17343	
1588	-6,27333	
1589	-6,37308	
1590	-6,47542	
1591	-6,58079	
1592	-6,67977	
1593	-6,77265	
1594	-6,86586	
1595	-6,95876	
1596	-7,05267	
1597	-7,14603	
1598	-7,24335	
1599	-7,33819	
1600	-7,43117	
1601	-7,52644	
1602	-7,62239	
1603	-7,71342	
1604	-7,80307	
1605	-7,89202	
1606	-7,98097	
1607	-8,06584	
1608	-8,15488	
1609	-8,23808	
1610	-8,32074	
1611	-8,41058	
1612	-8,49795	
1613	-8,58119	
1614	-8,67016	
1615	-8,75888	
1616	-8,84337	
1617	-8,92384	
1618	-9,00405	
1619	-9,08831	
1620	-9,17338	
1621	-9,25151	
1622	-9,32685	
1623	-9,40671	
1624	-9,48613	
1625	-9,56986	
1626	-9,65649	
1627	-9,73341	
1628	-9,80709	
1629	-9,88747	
1630	-9,96028	
1631	-10,0372	
1632	-10,1185	
1633	-10,2011	
1634	-10,2824	
1635	-10,3632	
1636	-10,4383	
1637	-10,5123	
1638	-10,5874	
1639	-10,6615	
1640	-10,7349	
1641	-10,81	
1642	-10,8876	
1643	-10,9568	
1644	-11,0275	
1645	-11,1	
1646	-11,1746	
1647	-11,2498	
1648	-11,3244	
1649	-11,396	
1650	-11,4587	
1651	-11,5224	
1652	-11,5906	
1653	-11,6757	
1654	-11,7659	
1655	-11,844	
1656	-11,923	
1657	-12,0009	
1658	-12,079	
1659	-12,1465	
1660	-12,2152	
1661	-12,2818	
1662	-12,3452	
1663	-12,4092	
1664	-12,4765	
1665	-12,5297	
1666	-12,5675	
1667	-12,6774	
1668	-12,7726	
1669	-12,8156	
1670	-12,8907	
1671	-12,9591	
1672	-13,0376	
1673	-13,1364	
1674	-13,2371	
1675	-13,3141	
1676	-13,3786	
1677	-13,4419	
1678	-13,5044	
1679	-13,5696	
1680	-13,6365	
1681	-13,7061	
1682	-13,7797	
1683	-13,8543	
1684	-13,9295	
1685	-14,005	
1686	-14,0854	
1687	-14,1644	
1688	-14,2475	
1689	-14,305	
1690	-14,3296	
1691	-14,3505	
1692	-14,4069	
1693	-14,4802	
1694	-14,5586	
1695	-14,6414	
1696	-14,7224	
1697	-14,8146	
1698	-14,9076	
1699	-15,0087	
1700	-15,0989	
1701	-15,1677	
1702	-15,2359	
1703	-15,2999	
1704	-15,3727	
1705	-15,4465	
1706	-15,5257	
1707	-15,6019	
1708	-15,6808	
1709	-15,7575	
1710	-15,8411	
1711	-15,933	
1712	-16,0115	
1713	-16,1228	
1714	-16,247	
1715	-16,1056	
1716	-16,0532	
1717	-16,1051	
1718	-16,1898	
1719	-16,333	
1720	-16,4574	
1721	-16,5488	
1722	-16,6323	
1723	-16,7157	
1724	-16,7881	
1725	-16,8504	
1726	-16,9226	
1727	-16,9858	
1728	-17,0257	
1729	-17,0577	
1730	-17,0488	
1731	-17,0473	
1732	-17,2133	
1733	-17,4962	
1734	-17,7087	
1735	-17,8894	
1736	-18,0036	
1737	-17,9968	
1738	-17,9824	
1739	-18,0514	
1740	-18,1252	
1741	-18,2006	
1742	-18,2811	
1743	-18,3655	
1744	-18,4375	
1745	-18,5158	
1746	-18,6036	
1747	-18,6896	
1748	-18,7901	
1749	-18,8836	
1750	-18,961	
1751	-18,9899	
1752	-18,9568	
1753	-18,9189	
1754	-18,9838	
1755	-19,1321	
1756	-19,2783	
1757	-19,3888	
1758	-19,4969	
1759	-19,6278	
1760	-19,7924	
1761	-19,9645	
1762	-20,0489	
1763	-20,1084	
1764	-20,2003	
1765	-20,2878	
1766	-20,3793	
1767	-20,4538	
1768	-20,5289	
1769	-20,6256	
1770	-20,7645	
1771	-20,8804	
1772	-21,0027	
1773	-21,1357	
1774	-21,2678	
1775	-21,3856	
1776	-21,399	
1777	-21,3254	
1778	-21,3691	
1779	-21,6703	
1780	-21,9278	
1781	-22,0393	
1782	-22,1528	
1783	-22,2655	
1784	-22,3727	
1785	-22,4778	
1786	-22,5923	
1787	-22,7205	
1788	-22,9089	
1789	-23,1391	
1790	-23,3737	
1791	-23,581	
1792	-23,7352	
1793	-23,8854	
1794	-24,0506	
1795	-24,2284	
1796	-24,3731	
1797	-24,5056	
1798	-24,6786	
1799	-24,8674	
1800	-25,0159	
1801	-25,1644	
1802	-25,3709	
1803	-25,616	
1804	-25,8297	
1805	-26,0137	
1806	-26,2045	
1807	-26,4057	
1808	-26,6152	
1809	-26,8283	
1810	-27,068	
1811	-27,3186	
1812	-27,5745	
1813	-27,845	
1814	-28,1443	
1815	-28,4727	
1816	-28,7753	
1817	-28,9419	
1818	-29,1445	
1819	-29,4285	
1820	-29,8444	
1821	-30,1992	
1822	-30,5031	
1823	-30,8347	
1824	-31,1073	
1825	-31,2757	
1826	-31,4198	
1827	-31,557	
1828	-31,7538	
1829	-32,0917	
1830	-32,8116	
1831	-33,7909	
1832	-34,84	
1833	-35,8661	
1834	-36,9777	
1835	-38,274	
1836	-39,619	
1837	-41,2704	
1838	-43,1272	
1839	-45,6567	
1840	-48,9203	
1841	-54,5959	
1842	-61,6556	
1843	-54,1971	
1844	-49,7571	
1845	-46,4378	
1846	-43,8108	
1847	-41,9326	
1848	-40,309	
1849	-38,8419	
1850	-37,6065	
1851	-36,4456	
1852	-35,398	
1853	-34,4983	
1854	-33,7385	
1855	-33,0001	
1856	-32,3365	
1857	-31,6965	
1858	-31,0658	
1859	-30,5026	
1860	-29,9761	
1861	-29,4367	
1862	-28,898	
1863	-28,3993	
1864	-27,9498	
1865	-27,4671	
1866	-27,0414	
1867	-26,6563	
1868	-26,2468	
1869	-25,842	
1870	-25,4341	
1871	-25,0463	
1872	-24,7007	
1873	-24,3688	
1874	-23,9972	
1875	-23,6274	
1876	-23,2885	
1877	-22,9513	
1878	-22,6261	
1879	-22,332	
1880	-22,0281	
1881	-21,735	
1882	-21,4341	
1883	-21,1338	
1884	-20,8319	
1885	-20,536	
1886	-20,2361	
1887	-19,9299	
1888	-19,6431	
1889	-19,3364	
1890	-19,0506	
1891	-18,6996	
1892	-18,4458	
1893	-18,1934	
1894	-17,9747	
1895	-17,8159	
1896	-17,6454	
1897	-17,4043	
1898	-17,1149	
1899	-16,8195	
1900	-16,5188	
1901	-16,2312	
1902	-15,9555	
1903	-15,6659	
1904	-15,375	
1905	-15,0947	
1906	-14,8192	
1907	-14,5459	
1908	-14,2705	
1909	-13,9878	
1910	-13,7078	
1911	-13,4261	
1912	-13,1398	
1913	-12,8685	
1914	-12,604	
1915	-12,3305	
1916	-12,0453	
1917	-11,7719	
1918	-11,4953	
1919	-11,211	
1920	-10,9129	
1921	-10,5962	
1922	-10,2623	
1923	-9,91724	
1924	-9,56016	
1925	-9,20891	
1926	-8,87674	
1927	-8,54385	
1928	-8,19809	
1929	-7,84029	
1930	-7,48033	
1931	-7,11288	
1932	-6,72344	
1933	-6,33525	
1934	-5,97248	
1935	-5,61707	
1936	-5,24067	
1937	-4,72218	
1938	-4,17001	
1939	-3,66607	
1940	-3,13359	
1941	-2,60379	
1942	-2,06636	
1943	-1,51763	
1944	-0,934201	
1945	-0,289117	
1946	0,39437	
1947	1,11664	
1948	1,89323	
1949	2,74377	
1950	3,66432	
1951	4,66639	
1952	5,76203	
1953	6,98231	
1954	8,3726	
1955	9,93315	
1956	11,6491	
1957	13,4952	
1958	15,324	
1959	16,9036	
1960	17,5964	
1961	16,4856	
1962	13,9311	
1963	11,5949	
1964	9,80196	
1965	8,33886	
1966	7,10191	
1967	6,02458	
1968	5,07502	
1969	4,22749	
1970	3,46375	
1971	2,77274	
1972	2,14037	
1973	1,5468	
1974	1,00311	
1975	0,511772	
1976	0,0619759	
1977	-0,340833	
1978	-0,724252	
1979	-1,11273	
1980	-1,53211	
1981	-1,98561	
1982	-2,38554	
1983	-2,7327	
1984	-3,06176	
1985	-3,35562	
1986	-3,63748	
1987	-3,91405	
1988	-4,17032	
1989	-4,41031	
1990	-4,62645	
1991	-4,81227	
1992	-4,97171	
1993	-5,13712	
1994	-5,37821	
1995	-5,67091	
1996	-5,88788	
1997	-6,05945	
1998	-6,23115	
1999	-6,43488	
2000	-6,69066	
2001	-6,97479	
2002	-7,21825	
2003	-7,40511	
2004	-7,5714	
2005	-7,7321	
2006	-7,88071	
2007	-8,03038	
2008	-8,18484	
2009	-8,32752	
2010	-8,46376	
2011	-8,60937	
2012	-8,75193	
2013	-8,88832	
2014	-9,0135	
2015	-9,13301	
2016	-9,25482	
2017	-9,37264	
2018	-9,48812	
2019	-9,60367	
2020	-9,71687	
2021	-9,82972	
2022	-9,94081	
2023	-10,0604	
2024	-10,1938	
2025	-10,3466	
2026	-10,4826	
2027	-10,5741	
2028	-10,6585	
2029	-10,7517	
2030	-10,8376	
2031	-10,9278	
2032	-11,0188	
2033	-11,1086	
2034	-11,185	
2035	-11,2524	
2036	-11,3074	
2037	-11,3649	
2038	-11,4392	
2039	-11,5316	
2040	-11,6425	
2041	-11,7286	
2042	-11,8322	
2043	-11,9358	
2044	-12,0414	
2045	-12,142	
2046	-12,2332	
2047	-12,3111	
2048	-12,3894	
2049	-12,4846	
2050	-12,5834	
2051	-12,6784	
2052	-12,7695	
2053	-12,8541	
2054	-12,9221	
2055	-12,9911	
2056	-13,0669	
2057	-13,1509	
2058	-13,2149	
2059	-13,2667	
2060	-13,3295	
2061	-13,4013	
2062	-13,4691	
2063	-13,5382	
2064	-13,6123	
2065	-13,6879	
2066	-13,7607	
2067	-13,8213	
2068	-13,8942	
2069	-13,9736	
2070	-14,054	
2071	-14,1243	
2072	-14,1927	
2073	-14,2692	
2074	-14,3416	
2075	-14,3456	
2076	-14,3539	
2077	-14,4125	
2078	-14,4705	
2079	-14,5293	
2080	-14,5822	
2081	-14,6398	
2082	-14,7096	
2083	-14,7859	
2084	-14,8529	
2085	-14,9202	
2086	-14,9829	
2087	-15,0493	
2088	-15,1257	
2089	-15,185	
2090	-15,2433	
2091	-15,2887	
2092	-15,3184	
2093	-15,3532	
2094	-15,402	
2095	-15,4616	
2096	-15,5171	
2097	-15,5714	
2098	-15,6289	
2099	-15,6822	
2100	-15,7256	
2101	-15,7656	
2102	-15,8156	
2103	-15,8658	
2104	-15,925	
2105	-15,9839	
2106	-16,0513	
2107	-16,1078	
2108	-16,1585	
2109	-16,2136	
2110	-16,2695	
2111	-16,3158	
2112	-16,3692	
2113	-16,4219	
2114	-16,4625	
2115	-16,5046	
2116	-16,569	
2117	-16,6238	
2118	-16,6701	
2119	-16,7215	
2120	-16,7704	
2121	-16,8094	
2122	-16,859	
2123	-16,901	
2124	-16,947	
2125	-17,0042	
2126	-17,0591	
2127	-17,1136	
2128	-17,158	
2129	-17,1895	
2130	-17,2325	
2131	-17,2734	
2132	-17,3174	
2133	-17,3688	
2134	-17,4176	
2135	-17,4575	
2136	-17,5066	
2137	-17,5591	
2138	-17,5993	
2139	-17,645	
2140	-17,7042	
2141	-17,7647	
2142	-17,8097	
2143	-17,85	
2144	-17,8909	
2145	-17,9354	
2146	-17,9805	
2147	-18,0235	
2148	-18,0772	
2149	-18,1262	
2150	-18,1806	
2151	-18,2236	
2152	-18,2678	
2153	-18,3141	
2154	-18,3604	
2155	-18,4151	
2156	-18,4676	
2157	-18,5286	
2158	-18,6013	
2159	-18,6535	
2160	-18,6184	
2161	-18,6316	
2162	-18,7166	
2163	-18,7564	
2164	-18,8134	
2165	-18,8549	
2166	-18,8867	
2167	-18,9295	
2168	-18,9737	
2169	-19,0172	
2170	-19,0672	
2171	-19,1155	
2172	-19,1627	
2173	-19,2178	
2174	-19,2755	
2175	-19,3259	
2176	-19,3844	
2177	-19,4628	
2178	-19,5698	
2179	-19,6882	
2180	-19,8132	
2181	-20,0156	
2182	-20,2957	
2183	-20,6032	
2184	-20,6678	
2185	-20,3378	
2186	-20,1152	
2187	-20,0564	
2188	-20,0437	
2189	-20,053	
2190	-20,0764	
2191	-20,0916	
2192	-20,1198	
2193	-20,1552	
2194	-20,192	
2195	-20,2292	
2196	-20,2558	
2197	-20,3003	
2198	-20,3236	
2199	-20,366	
2200	-20,5103	
2201	-20,6495	
2202	-20,6811	
2203	-20,68	
2204	-20,6878	
2205	-20,7125	
2206	-20,7301	
2207	-20,7733	
2208	-20,8424	
2209	-20,9064	
2210	-20,9552	
2211	-20,9986	
2212	-21,0478	
2213	-21,1048	
2214	-21,1658	
2215	-21,2221	
2216	-21,2832	
2217	-21,3386	
2218	-21,4021	
2219	-21,4754	
2220	-21,5345	
2221	-21,6016	
2222	-21,6629	
2223	-21,7069	
2224	-21,6683	
2225	-21,4851	
2226	-21,3703	
2227	-21,499	
2228	-21,5977	
2229	-21,6675	
2230	-21,7406	
2231	-21,8165	
2232	-21,8826	
2233	-21,9368	
2234	-21,9985	
2235	-22,0629	
2236	-22,1072	
2237	-22,1635	
2238	-22,2214	
2239	-22,2814	
2240	-22,3607	
2241	-22,4271	
2242	-22,494	
2243	-22,5612	
2244	-22,6079	
2245	-22,6141	
2246	-22,6195	
2247	-22,644	
2248	-22,699	
2249	-22,7803	
2250	-22,8589	
2251	-22,9129	
2252	-22,9457	
2253	-22,9886	
2254	-23,0405	
2255	-23,091	
2256	-23,1312	
2257	-23,118	
2258	-23,0757	
2259	-23,0498	
2260	-22,9598	
2261	-22,8247	
2262	-22,6748	
2263	-22,6167	
2264	-22,8192	
2265	-23,1754	
2266	-23,4654	
2267	-23,5708	
2268	-23,6297	
2269	-23,7114	
2270	-23,7799	
2271	-23,842	
2272	-23,9209	
2273	-23,9868	
2274	-24,0531	
2275	-24,1339	
2276	-24,2094	
2277	-24,2854	
2278	-24,36	
2279	-24,4427	
2280	-24,5135	
2281	-24,5533	
2282	-24,5974	
2283	-24,6397	
2284	-24,7022	
2285	-24,7399	
2286	-24,7941	
2287	-24,818	
2288	-24,8439	
2289	-24,8521	
2290	-24,8538	
2291	-24,8173	
2292	-24,7337	
2293	-24,6248	
2294	-24,4421	
2295	-24,1357	
2296	-23,728	
2297	-23,2309	
2298	-22,8755	
2299	-22,961	
2300	-23,5015	
2301	-24,1494	
2302	-24,731	
2303	-25,2016	
2304	-25,589	
2305	-25,8977	
2306	-26,1135	
2307	-26,2619	
2308	-26,4282	
2309	-26,5596	
2310	-26,7117	
2311	-26,9182	
2312	-27,0721	
2313	-27,1903	
2314	-27,2721	
2315	-27,4214	
2316	-27,5599	
2317	-27,684	
2318	-27,8326	
2319	-27,9769	
2320	-28,1153	
2321	-28,2743	
2322	-28,4904	
2323	-28,6566	
2324	-28,7866	
2325	-28,8494	
2326	-28,8841	
2327	-28,9057	
2328	-28,9057	
2329	-29,0053	
2330	-29,0647	
2331	-29,1321	
2332	-29,2208	
2333	-29,3375	
2334	-29,4133	
2335	-29,5409	
2336	-29,6624	
2337	-29,7215	
2338	-29,8014	
2339	-30,0312	
2340	-30,2885	
2341	-30,495	
2342	-30,7093	
2343	-30,8848	
2344	-30,9737	
2345	-31,1749	
2346	-31,2902	
2347	-31,4231	
2348	-31,6295	
2349	-31,7943	
2350	-31,9963	
2351	-32,1301	
2352	-32,2841	
2353	-32,4805	
2354	-32,7114	
2355	-32,9793	
2356	-33,164	
2357	-33,3166	
2358	-33,4509	
2359	-33,7124	
2360	-34,0242	
2361	-34,2779	
2362	-34,4035	
2363	-34,6665	
2364	-34,9637	
2365	-35,1469	
2366	-35,4268	
2367	-35,7693	
2368	-35,9981	
2369	-36,2357	
2370	-36,5488	
2371	-36,9492	
2372	-37,2694	
2373	-37,4968	
2374	-37,8447	
2375	-38,1576	
2376	-38,6012	
2377	-39	
2378	-39,5008	
2379	-39,877	
2380	-40,3394	
2381	-40,9015	
2382	-41,3661	
2383	-41,4707	
2384	-41,7396	
2385	-41,8186	
2386	-42,0061	
2387	-42,3139	
2388	-42,331	
2389	-42,591	
2390	-42,6926	
2391	-42,5585	
2392	-42,0262	
2393	-41,3649	
2394	-41,0662	
2395	-40,9461	
2396	-40,4967	
2397	-40,1379	
2398	-39,7882	
2399	-39,1884	
2400	-38,7397	
2401	-38,401	
2402	-38,1404	
2403	-38,2483	
2404	-38,7991	
2405	-39,5115	
2406	-39,435	
2407	-38,2091	
2408	-37,1196	
2409	-36,2608	
2410	-35,572	
2411	-34,8804	
2412	-34,3408	
2413	-33,8252	
2414	-33,4348	
2415	-33,2015	
2416	-32,9256	
2417	-32,6198	
2418	-32,2647	
2419	-31,9503	
2420	-31,6279	
2421	-31,3547	
2422	-31,0322	
2423	-30,7037	
2424	-30,4129	
2425	-30,0605	
2426	-29,645	
2427	-29,0863	
2428	-28,817	
2429	-28,6795	
2430	-28,3888	
2431	-28,0983	
2432	-27,9046	
2433	-27,7388	
2434	-27,5665	
2435	-27,3528	
2436	-27,1284	
2437	-26,9385	
2438	-26,7358	
2439	-26,4877	
2440	-26,156	
2441	-25,8426	
2442	-25,7284	
2443	-25,7192	
2444	-25,5904	
2445	-25,3571	
2446	-24,9107	
2447	-24,3715	
2448	-24,0177	
2449	-23,8779	
2450	-23,6424	
2451	-23,4366	
2452	-23,2842	
2453	-23,0635	
2454	-22,86	
2455	-22,707	
2456	-22,5911	
2457	-22,4314	
2458	-22,2128	
2459	-22,0095	
2460	-21,8319	
2461	-21,6793	
2462	-21,5299	
2463	-21,4316	
2464	-21,4021	
2465	-21,4674	
2466	-21,6336	
2467	-21,9769	
2468	-22,5135	
2469	-23,3135	
2470	-24,2567	
2471	-24,2127	
2472	-22,6633	
2473	-21,247	
2474	-20,4351	
2475	-19,8992	
2476	-19,5185	
2477	-19,1928	
2478	-18,9042	
2479	-18,6218	
2480	-18,3805	
2481	-18,1374	
2482	-17,8966	
2483	-17,6851	
2484	-17,5232	
2485	-17,3566	
2486	-17,1138	
2487	-16,7388	
2488	-16,3272	
2489	-16,0587	
2490	-15,8471	
2491	-15,6261	
2492	-15,4102	
2493	-15,1808	
2494	-14,9458	
2495	-14,7014	
2496	-14,4867	
2497	-14,3034	
2498	-14,1158	
2499	-13,8942	
2500	-13,6728	
2501	-13,48	
2502	-13,2894	
2503	-13,0889	
2504	-12,9108	
2505	-12,7019	
2506	-12,4158	
2507	-12,0962	
2508	-11,791	
2509	-11,4618	
2510	-11,0417	
2511	-10,5067	
2512	-9,95712	
2513	-9,56222	
2514	-9,30966	
2515	-9,05102	
2516	-8,73802	
2517	-8,42105	
2518	-8,09136	
2519	-7,74655	
2520	-7,39865	
2521	-7,02835	
2522	-6,66479	
2523	-6,34405	
2524	-5,95921	
2525	-5,53053	
2526	-5,08392	
2527	-4,62101	
2528	-4,1427	
2529	-3,65834	
2530	-3,15483	
2531	-2,6294	
2532	-2,07131	
2533	-1,4629	
2534	-0,814512	
2535	-0,165411	
2536	0,496324	
2537	1,26963	
2538	2,12316	
2539	3,02939	
2540	4,01817	
2541	5,09385	
2542	6,27123	
2543	7,5717	
2544	8,99198	
2545	10,5186	
2546	12,0755	
2547	13,4723	
2548	14,3402	
2549	14,2099	
2550	13,0123	
2551	11,2994	
2552	9,58543	
2553	8,07088	
2554	6,75381	
2555	5,5988	
2556	4,58256	
2557	3,67408	
2558	2,85365	
2559	2,10739	
2560	1,43873	
2561	0,826585	
2562	0,252936	
2563	-0,29784	
2564	-0,830214	
2565	-1,34104	
2566	-1,8447	
2567	-2,33692	
2568	-2,78174	
2569	-3,1501	
2570	-3,4925	
2571	-3,80949	
2572	-4,11826	
2573	-4,41998	
2574	-4,71575	
2575	-5,01111	
2576	-5,28892	
2577	-5,56061	
2578	-5,82678	
2579	-6,08594	
2580	-6,3471	
2581	-6,61253	
2582	-6,85135	
2583	-7,0456	
2584	-7,23564	
2585	-7,43252	
2586	-7,64217	
2587	-7,84019	
2588	-8,02356	
2589	-8,20597	
2590	-8,38044	
2591	-8,54952	
2592	-8,7242	
2593	-8,88577	
2594	-9,0477	
2595	-9,20917	
2596	-9,36768	
2597	-9,51723	
2598	-9,65412	
2599	-9,79362	
2600	-9,92925	
2601	-10,0684	
2602	-10,209	
2603	-10,3523	
2604	-10,4812	
2605	-10,6001	
2606	-10,724	
2607	-10,8403	
2608	-10,9551	
2609	-11,0827	
2610	-11,1973	
2611	-11,3144	
2612	-11,4274	
2613	-11,5502	
2614	-11,6623	
2615	-11,7592	
2616	-11,8569	
2617	-11,9713	
2618	-12,0733	
2619	-12,1637	
2620	-12,2607	
2621	-12,3574	
2622	-12,4572	
2623	-12,5441	
2624	-12,6253	
2625	-12,7089	
2626	-12,7941	
2627	-12,8775	
2628	-12,9647	
2629	-13,0602	
2630	-13,1557	
2631	-13,2399	
2632	-13,3181	
2633	-13,388	
2634	-13,4628	
2635	-13,5425	
2636	-13,6201	
2637	-13,6987	
2638	-13,7781	
2639	-13,8512	
2640	-13,918	
2641	-13,9828	
2642	-14,0433	
2643	-14,1143	
2644	-14,1866	
2645	-14,2613	
2646	-14,3258	
2647	-14,3916	
2648	-14,4711	
2649	-14,5315	
2650	-14,5999	
2651	-14,6683	
2652	-14,7402	
2653	-14,811	
2654	-14,8687	
2655	-14,9123	
2656	-14,9636	
2657	-15,0219	
2658	-15,0851	
2659	-15,1495	
2660	-15,2067	
2661	-15,267	
2662	-15,3303	
2663	-15,3875	
2664	-15,4515	
2665	-15,509	
2666	-15,5626	
2667	-15,614	
2668	-15,6587	
2669	-15,6959	
2670	-15,7267	
2671	-15,7827	
2672	-15,8422	
2673	-15,8998	
2674	-15,9565	
2675	-16,0008	
2676	-16,0471	
2677	-16,0861	
2678	-16,1208	
2679	-16,1525	
2680	-16,1925	
2681	-16,2341	
2682	-16,2714	
2683	-16,3155	
2684	-16,3642	
2685	-16,4177	
2686	-16,4729	
2687	-16,5309	
2688	-16,5889	
2689	-16,6413	
2690	-16,6925	
2691	-16,7498	
2692	-16,8122	
2693	-16,8708	
2694	-16,9341	
2695	-17,024	
2696	-17,102	
2697	-17,1623	
2698	-17,2201	
2699	-17,2815	
2700	-17,3427	
2701	-17,3872	
2702	-17,4256	
2703	-17,4623	
2704	-17,4985	
2705	-17,5389	
2706	-17,5951	
2707	-17,6969	
2708	-17,844	
2709	-18,0481	
2710	-18,2804	
2711	-18,398	
2712	-18,1798	
2713	-17,9737	
2714	-17,9225	
2715	-17,9223	
2716	-17,9367	
2717	-17,9448	
2718	-17,9721	
2719	-18,0035	
2720	-18,0378	
2721	-18,0712	
2722	-18,108	
2723	-18,1492	
2724	-18,1902	
2725	-18,2249	
2726	-18,2647	
2727	-18,2895	
2728	-18,301	
2729	-18,317	
2730	-18,3098	
2731	-18,3083	
2732	-18,3139	
2733	-18,3618	
2734	-18,4236	
2735	-18,4799	
2736	-18,5496	
2737	-18,6273	
2738	-18,6904	
2739	-18,7274	
2740	-18,7542	
2741	-18,8004	
2742	-18,8452	
2743	-18,8721	
2744	-18,8851	
2745	-18,8969	
2746	-18,8935	
2747	-18,882	
2748	-18,8618	
2749	-18,8542	
2750	-18,8784	
2751	-18,9338	
2752	-19,0035	
2753	-19,0668	
2754	-19,1131	
2755	-19,1523	
2756	-19,1922	
2757	-19,192	
2758	-19,2221	
2759	-19,3063	
2760	-19,3376	
2761	-19,3596	
2762	-19,3867	
2763	-19,4144	
2764	-19,4373	
2765	-19,452	
2766	-19,4605	
2767	-19,51	
2768	-19,5965	
2769	-19,7096	
2770	-19,8026	
2771	-19,884	
2772	-19,9808	
2773	-20,0673	
2774	-20,1512	
2775	-20,1789	
2776	-20,1502	
2777	-20,1453	
2778	-20,1435	
2779	-20,1599	
2780	-20,1756	
2781	-20,1961	
2782	-20,2229	
2783	-20,2567	
2784	-20,2913	
2785	-20,3092	
2786	-20,3302	
2787	-20,3565	
2788	-20,3906	
2789	-20,4217	
2790	-20,4444	
2791	-20,4781	
2792	-20,5303	
2793	-20,5817	
2794	-20,6227	
2795	-20,6538	
2796	-20,6981	
2797	-20,7443	
2798	-20,7886	
2799	-20,8123	
2800	-20,817	
2801	-20,8401	
2802	-20,861	
2803	-20,8906	
2804	-20,9116	
2805	-20,9442	
2806	-20,9978	
2807	-21,0524	
2808	-21,0888	
2809	-21,076	
2810	-21,0525	
2811	-21,0647	
2812	-21,0965	
2813	-21,111	
2814	-21,1242	
2815	-21,154	
2816	-21,1944	
2817	-21,2383	
2818	-21,2825	
2819	-21,3147	
2820	-21,3464	
2821	-21,3881	
2822	-21,4345	
2823	-21,4592	
2824	-21,4596	
2825	-21,4796	
2826	-21,52	
2827	-21,5329	
2828	-21,5454	
2829	-21,5617	
2830	-21,5905	
2831	-21,6107	
2832	-21,6292	
2833	-21,6768	
2834	-21,7407	
2835	-21,7989	
2836	-21,8482	
2837	-21,8852	
2838	-21,9177	
2839	-21,9527	
2840	-21,9718	
2841	-22,0051	
2842	-22,035	
2843	-22,0525	
2844	-22,0786	
2845	-22,1056	
2846	-22,1232	
2847	-22,1394	
2848	-22,1466	
2849	-22,1616	
2850	-22,1786	
2851	-22,1934	
2852	-22,2038	
2853	-22,2256	
2854	-22,2387	
2855	-22,2516	
2856	-22,2895	
2857	-22,3127	
2858	-22,3443	
2859	-22,3724	
2860	-22,3927	
2861	-22,411	
2862	-22,4262	
2863	-22,4626	
2864	-22,4995	
2865	-22,5292	
2866	-22,5603	
2867	-22,5922	
2868	-22,6216	
2869	-22,6405	
2870	-22,683	
2871	-22,6977	
2872	-22,7289	
2873	-22,748	
2874	-22,7847	
2875	-22,8257	
2876	-22,8613	
2877	-22,8888	
2878	-22,9162	
2879	-22,9376	
2880	-22,9763	
2881	-23,0263	
2882	-23,0435	
2883	-23,0724	
2884	-23,0883	
2885	-23,1087	
2886	-23,1334	
2887	-23,1644	
2888	-23,1906	
2889	-23,2249	
2890	-23,2442	
2891	-23,278	
2892	-23,2941	
2893	-23,3374	
2894	-23,3562	
2895	-23,3799	
2896	-23,3882	
2897	-23,3927	
2898	-23,4218	
2899	-23,4357	
2900	-23,4629	
2901	-23,478	
2902	-23,4988	
2903	-23,5235	
2904	-23,5449	
2905	-23,571	
2906	-23,5876	
2907	-23,6069	
2908	-23,6387	
2909	-23,6598	
2910	-23,6744	
2911	-23,6945	
2912	-23,7216	
2913	-23,7413	
2914	-23,7714	
2915	-23,7847	
2916	-23,7759	
2917	-23,8094	
2918	-23,8218	
2919	-23,8499	
2920	-23,8719	
2921	-23,9037	
2922	-23,9454	
2923	-23,9763	
2924	-24,0118	
2925	-24,0336	
2926	-24,0582	
2927	-24,0958	
2928	-24,1222	
2929	-24,1566	
2930	-24,185	
2931	-24,2266	
2932	-24,2779	
2933	-24,3207	
2934	-24,3697	
2935	-24,4118	
2936	-24,4707	
2937	-24,4842	
2938	-24,4798	
2939	-24,4477	
2940	-24,4068	
2941	-24,3912	
2942	-24,3958	
2943	-24,4129	
2944	-24,4414	
2945	-24,5159	
2946	-24,5476	
2947	-24,5797	
2948	-24,6185	
2949	-24,6538	
2950	-24,6688	
2951	-24,7042	
2952	-24,7464	
2953	-24,7806	
2954	-24,8014	
2955	-24,8441	
2956	-24,8685	
2957	-24,9308	
2958	-24,9749	
2959	-25,0246	
2960	-25,0606	
2961	-25,0854	
2962	-25,1179	
2963	-25,1647	
2964	-25,2212	
2965	-25,2831	
2966	-25,3486	
2967	-25,3965	
2968	-25,4957	
2969	-25,5395	
2970	-25,5867	
2971	-25,6248	
2972	-25,6796	
2973	-25,7961	
2974	-25,9413	
2975	-26,1322	
2976	-26,4582	
2977	-26,9737	
2978	-27,8253	
2979	-29,3442	
2980	-31,3037	
2981	-30,9214	
2982	-28,2347	
2983	-26,6564	
2984	-26,0549	
2985	-25,7718	
2986	-25,5925	
2987	-25,454	
2988	-25,3589	
2989	-25,3276	
2990	-25,2806	
2991	-25,2772	
2992	-25,2754	
2993	-25,3045	
2994	-25,3139	
2995	-25,3467	
2996	-25,3677	
2997	-25,3762	
2998	-25,3873	
2999	-25,391	
3000	-25,4042	
3001	-25,4125	
3002	-25,4233	
3003	-25,4451	
3004	-25,4319	
3005	-25,389	
3006	-25,4094	
3007	-25,4329	
3008	-25,4592	
3009	-25,505	
3010	-25,5362	
3011	-25,6151	
3012	-25,6918	
3013	-25,7802	
3014	-25,9174	
3015	-26,1262	
3016	-26,2948	
3017	-26,3112	
3018	-26,1892	
3019	-26,0699	
3020	-25,9932	
3021	-25,9396	
3022	-25,8828	
3023	-25,8318	
3024	-25,79	
3025	-25,747	
3026	-25,7139	
3027	-25,6733	
3028	-25,6486	
3029	-25,6369	
3030	-25,6242	
3031	-25,6083	
3032	-25,5996	
3033	-25,5801	
3034	-25,5718	
3035	-25,5632	
3036	-25,555	
3037	-25,5271	
3038	-25,4826	
3039	-25,4196	
3040	-25,3501	
3041	-25,2847	
3042	-25,2102	
3043	-25,1235	
3044	-25,0348	
3045	-24,9669	
3046	-24,8753	
3047	-24,7677	
3048	-24,6596	
3049	-24,5427	
3050	-24,444	
3051	-24,3413	
3052	-24,224	
3053	-24,0651	
3054	-23,9292	
3055	-23,7856	
3056	-23,6804	
3057	-23,5027	
3058	-23,2847	
3059	-23,0166	
3060	-22,634	
3061	-22,1812	
3062	-21,6914	
3063	-21,1886	
3064	-20,659	
3065	-20,1037	
3066	-19,4863	
3067	-18,8289	
3068	-18,1358	
3069	-17,458	
3070	-16,8257	
3071	-16,2705	
3072	-15,869	
3073	-15,8079	
3074	-16,3224	
3075	-17,4666	
3076	-19,0246	
3077	-20,7191	
3078	-22,4181	
3079	-23,9866	
3080	-25,4549	
3081	-26,9567	
3082	-28,4493	
3083	-29,9323	
3084	-31,397	
3085	-32,8606	
3086	-34,2486	
3087	-35,6051	
3088	-37,0456	
3089	-38,4623	
3090	-39,8812	
3091	-41,2709	
3092	-42,4208	
3093	-43,5275	
3094	-44,4274	
3095	-45,0677	
3096	-45,4573	
3097	-45,7384	
3098	-45,6016	
3099	-45,3847	
3100	-45,0057	
3101	-44,6214	
3102	-44,2807	
3103	-43,8927	
3104	-43,4322	
3105	-42,9495	
3106	-42,6541	
3107	-42,3676	
3108	-41,9827	
3109	-41,7042	
3110	-41,456	
3111	-41,3261	
3112	-41,1251	
3113	-40,948	
3114	-40,7796	
3115	-40,6479	
3116	-40,4271	
3117	-40,2362	
3118	-40,1627	
3119	-39,9201	
3120	-39,5951	
3121	-39,3847	
3122	-39,3167	
3123	-39,3541	
3124	-39,3581	
3125	-39,5131	
3126	-39,5887	
3127	-39,6491	
3128	-39,6638	
3129	-39,7453	
3130	-39,7996	
3131	-39,9526	
3132	-39,9985	
3133	-40,0117	
3134	-40,1578	
3135	-40,3132	
3136	-40,3108	
3137	-40,4031	
3138	-40,5094	
3139	-40,6192	
3140	-40,6869	
3141	-40,8747	
3142	-41,023	
3143	-41,1084	
3144	-41,1125	
3145	-41,3513	
3146	-41,5309	
3147	-41,6332	
3148	-41,8027	
3149	-41,9921	
3150	-42,1497	
3151	-42,2926	
3152	-42,5749	
3153	-42,755	
3154	-42,9499	
3155	-43,2706	
3156	-43,5499	
3157	-43,8687	
3158	-44,2166	
3159	-44,6956	
3160	-45,1941	
3161	-45,7128	
3162	-46,4615	
3163	-47,1198	
3164	-47,7839	
3165	-48,9281	
3166	-49,3049	
3167	-48,7434	
3168	-47,9751	
3169	-47,8424	
3170	-48,3895	
3171	-48,6501	
3172	-49,2599	
3173	-50,0844	
3174	-51,1642	
3175	-52,2447	
3176	-54,2895	
3177	-58,0595	
3178	-63,735	
3179	-59,0222	
3180	-52,3257	
3181	-49,0099	
3182	-47,7633	
3183	-47,8308	
3184	-48,5133	
3185	-48,914	
3186	-49,2504	
3187	-49,4416	
3188	-49,895	
3189	-50,2883	
3190	-50,9518	
3191	-50,8785	
3192	-50,6767	
3193	-50,6585	
3194	-50,5897	
3195	-50,4207	
3196	-50,0433	
3197	-49,969	
3198	-49,7146	
3199	-49,1864	
3200	-48,8431	
3201	-48,7756	
3202	-48,8479	
3203	-48,2064	
3204	-47,7687	
3205	-47,2484	
3206	-46,8364	
3207	-46,6866	
3208	-46,6032	
3209	-46,3812	
3210	-46,1186	
3211	-46,1102	
3212	-45,8992	
3213	-45,8522	
3214	-45,5029	
3215	-45,2443	
3216	-45,0236	
3217	-44,9022	
3218	-44,7557	
3219	-44,5124	
3220	-44,4974	
3221	-43,9975	
3222	-43,7183	
3223	-43,138	
3224	-42,6597	
3225	-42,2408	
3226	-41,9998	
3227	-41,684	
3228	-41,3409	
3229	-41,0737	
3230	-40,7264	
3231	-40,4724	
3232	-40,069	
3233	-39,6778	
3234	-39,3131	
3235	-39,0903	
3236	-38,5887	
3237	-38,3039	
3238	-38,0151	
3239	-37,7924	
3240	-37,4451	
3241	-37,1863	
3242	-36,8204	
3243	-36,5527	
3244	-36,1282	
3245	-35,7427	
3246	-35,2938	
3247	-34,9346	
3248	-34,4551	
3249	-33,8193	
3250	-33,2206	
3251	-32,5783	
3252	-31,884	
3253	-31,1086	
3254	-30,2469	
3255	-29,1706	
3256	-27,8923	
3257	-26,5388	
3258	-25,2874	
3259	-24,4262	
3260	-24,5967	
3261	-26,5048	
3262	-29,2219	
3263	-31,4122	
3264	-32,9802	
3265	-34,0552	
3266	-34,8273	
3267	-35,264	
3268	-35,6251	
3269	-35,946	
3270	-36,4244	
3271	-37,0281	
3272	-37,6258	
3273	-38,073	
3274	-38,2457	
3275	-38,2518	
3276	-38,1792	
3277	-38,4461	
3278	-39,3089	
3279	-40,7036	
3280	-41,3872	
3281	-40,9183	
3282	-40,119	
3283	-39,377	
3284	-38,7227	
3285	-38,2936	
3286	-38,0004	
3287	-37,5911	
3288	-37,2755	
3289	-36,9176	
3290	-36,6753	
3291	-36,441	
3292	-36,2306	
3293	-36,0453	
3294	-35,734	
3295	-35,5297	
3296	-35,3867	
3297	-35,2161	
3298	-34,9865	
3299	-34,8211	
3300	-34,6434	
3301	-34,5282	
3302	-34,3374	
3303	-34,1132	
3304	-33,9211	
3305	-33,8026	
3306	-33,661	
3307	-33,514	
3308	-33,3589	
3309	-33,2281	
3310	-33,1161	
3311	-32,9968	
3312	-32,8421	
3313	-32,7148	
3314	-32,6042	
3315	-32,5243	
3316	-32,4682	
3317	-32,4225	
3318	-32,4775	
3319	-32,5125	
3320	-32,5384	
3321	-32,431	
3322	-32,1446	
3323	-31,847	
3324	-31,5585	
3325	-31,3167	
3326	-31,1427	
3327	-31,0071	
3328	-30,913	
3329	-30,7879	
3330	-30,6757	
3331	-30,5551	
3332	-30,4661	
3333	-30,4023	
3334	-30,3081	
3335	-30,221	
3336	-30,0944	
3337	-30,0492	
3338	-29,9673	
3339	-29,9101	
3340	-29,8309	
3341	-29,7553	
3342	-29,7488	
3343	-29,7399	
3344	-29,6175	
3345	-29,4628	
3346	-29,3173	
3347	-29,1854	
3348	-29,1177	
3349	-29,0427	
3350	-28,9307	
3351	-28,8562	
3352	-28,7724	
3353	-28,6927	
3354	-28,596	
3355	-28,4801	
3356	-28,3767	
3357	-28,2777	
3358	-28,2023	
3359	-28,118	
3360	-28,0213	
3361	-27,9776	
3362	-27,8657	
3363	-27,7715	
3364	-27,6753	
3365	-27,582	
3366	-27,4904	
3367	-27,424	
3368	-27,3423	
3369	-27,2559	
3370	-27,1718	
3371	-27,0953	
3372	-27,0019	
3373	-26,9535	
3374	-26,8776	
3375	-26,7972	
3376	-26,7178	
3377	-26,6209	
3378	-26,542	
3379	-26,464	
3380	-26,3766	
3381	-26,3284	
3382	-26,2424	
3383	-26,1552	
3384	-26,0777	
3385	-25,991	
3386	-25,9271	
3387	-25,8568	
3388	-25,7738	
3389	-25,6892	
3390	-25,6193	
3391	-25,541	
3392	-25,4799	
3393	-25,3881	
3394	-25,3005	
3395	-25,2471	
3396	-25,1692	
3397	-25,0774	
3398	-25,004	
3399	-24,9338	
3400	-24,8647	
3401	-24,7853	
3402	-24,703	
3403	-24,6325	
3404	-24,5534	
3405	-24,4852	
3406	-24,4074	
3407	-24,3261	
3408	-24,2614	
3409	-24,2072	
3410	-24,1354	
3411	-24,0797	
3412	-24,0144	
3413	-23,9546	
3414	-23,8754	
3415	-23,815	
3416	-23,7236	
3417	-23,6471	
3418	-23,5588	
3419	-23,4807	
3420	-23,3973	
3421	-23,3187	
3422	-23,2345	
3423	-23,1535	
3424	-23,0728	
3425	-22,9967	
3426	-22,9289	
3427	-22,8665	
3428	-22,7733	
3429	-22,6968	
3430	-22,6257	
3431	-22,5289	
3432	-22,4562	
3433	-22,3551	
3434	-22,2691	
3435	-22,1968	
3436	-22,0972	
3437	-22,0182	
3438	-21,9116	
3439	-21,8175	
3440	-21,6996	
3441	-21,5644	
3442	-21,4186	
3443	-21,2219	
3444	-20,9903	
3445	-20,7104	
3446	-20,3381	
3447	-19,8954	
3448	-19,3849	
3449	-18,9072	
3450	-18,6222	
3451	-18,6809	
3452	-19,0081	
3453	-19,3205	
3454	-19,5078	
3455	-19,5993	
3456	-19,6142	
3457	-19,5821	
3458	-19,5147	
3459	-19,4281	
3460	-19,3138	
3461	-19,1819	
3462	-19,0474	
3463	-18,8667	
3464	-18,6655	
3465	-18,444	
3466	-18,2011	
3467	-17,9393	
3468	-17,6487	
3469	-17,3494	
3470	-16,9829	
3471	-16,5496	
3472	-16,037	
3473	-15,448	
3474	-14,7704	
3475	-13,9707	
3476	-13,0381	
3477	-12,033	
3478	-11,2306	
3479	-11,5652	
3480	-15,0619	
3481	-21,0752	
3482	-27,5108	
3483	-35,15	
3484	-38,2974	
3485	-33,3463	
3486	-30,2302	
3487	-28,3173	
3488	-26,9948	
3489	-26,0273	
3490	-25,3744	
3491	-24,9119	
3492	-24,524	
3493	-24,0991	
3494	-23,6775	
3495	-23,2912	
3496	-22,9598	
3497	-22,671	
3498	-22,421	
3499	-22,1803	
3500	-21,9616	
3501	-21,7938	
3502	-21,6308	
3503	-21,5016	
3504	-21,3886	
3505	-21,2899	
3506	-21,1731	
3507	-21,0582	
3508	-20,9246	
3509	-20,7916	
3510	-20,6602	
3511	-20,5419	
3512	-20,4216	
3513	-20,3188	
3514	-20,2092	
3515	-20,1238	
3516	-20,0277	
3517	-19,9359	
3518	-19,8352	
3519	-19,7224	
3520	-19,5799	
3521	-19,4751	
3522	-19,388	
3523	-19,3005	
3524	-19,2344	
3525	-19,1516	
3526	-19,0757	
3527	-18,9681	
3528	-18,8559	
3529	-18,7714	
3530	-18,6907	
3531	-18,62	
3532	-18,5555	
3533	-18,4699	
3534	-18,3981	
3535	-18,321	
3536	-18,2555	
3537	-18,1868	
3538	-18,1143	
3539	-18,0421	
3540	-17,9734	
3541	-17,9064	
3542	-17,8384	
3543	-17,767	
3544	-17,6971	
3545	-17,6354	
3546	-17,5681	
3547	-17,4899	
3548	-17,4246	
3549	-17,3517	
3550	-17,2679	
3551	-17,1976	
3552	-17,1184	
3553	-17,0461	
3554	-16,9847	
3555	-16,9203	
3556	-16,8519	
3557	-16,7828	
3558	-16,7144	
3559	-16,6372	
3560	-16,5589	
3561	-16,4672	
3562	-16,3764	
3563	-16,2701	
3564	-16,1876	
3565	-16,1411	
3566	-16,1217	
3567	-16,084	
3568	-16,0317	
3569	-15,9856	
3570	-15,9426	
3571	-15,8853	
3572	-15,8249	
3573	-15,7557	
3574	-15,6971	
3575	-15,6387	
3576	-15,5685	
3577	-15,4947	
3578	-15,4436	
3579	-15,3965	
3580	-15,3479	
3581	-15,2906	
3582	-15,2288	
3583	-15,1585	
3584	-15,0722	
3585	-14,986	
3586	-14,8962	
3587	-14,8078	
3588	-14,7311	
3589	-14,6524	
3590	-14,5817	
3591	-14,5085	
3592	-14,4387	
3593	-14,3694	
3594	-14,3055	
3595	-14,2284	
3596	-14,1629	
3597	-14,0891	
3598	-14,0189	
3599	-13,9526	
3600	-13,8795	
3601	-13,8095	
3602	-13,7362	
3603	-13,6643	
3604	-13,5951	
3605	-13,5208	
3606	-13,4491	
3607	-13,3816	
3608	-13,3103	
3609	-13,2423	
3610	-13,1739	
3611	-13,1031	
3612	-13,0358	
3613	-12,9715	
3614	-12,9039	
3615	-12,8353	
3616	-12,7642	
3617	-12,6963	
3618	-12,6181	
3619	-12,5359	
3620	-12,4537	
3621	-12,3766	
3622	-12,3063	
3623	-12,2382	
3624	-12,1735	
3625	-12,1063	
3626	-12,0316	
3627	-11,9585	
3628	-11,8922	
3629	-11,8145	
3630	-11,7388	
3631	-11,6707	
3632	-11,603	
3633	-11,5293	
3634	-11,4488	
3635	-11,3709	
3636	-11,2978	
3637	-11,2281	
3638	-11,147	
3639	-11,0734	
3640	-10,9964	
3641	-10,9197	
3642	-10,8485	
3643	-10,7706	
3644	-10,6934	
3645	-10,6143	
3646	-10,5364	
3647	-10,4588	
3648	-10,3833	
3649	-10,3077	
3650	-10,2203	
3651	-10,1326	
3652	-10,0543	
3653	-9,96997	
3654	-9,88766	
3655	-9,80343	
3656	-9,72293	
3657	-9,63532	
3658	-9,55329	
3659	-9,47003	
3660	-9,39103	
3661	-9,31202	
3662	-9,23518	
3663	-9,14502	
3664	-9,05638	
3665	-8,97215	
3666	-8,88255	
3667	-8,79758	
3668	-8,71385	
3669	-8,62882	
3670	-8,54319	
3671	-8,44965	
3672	-8,35603	
3673	-8,26076	
3674	-8,15285	
3675	-8,04946	
3676	-7,95472	
3677	-7,86059	
3678	-7,77001	
3679	-7,6786	
3680	-7,58298	
3681	-7,48017	
3682	-7,38257	
3683	-7,2736	
3684	-7,17165	
3685	-7,06842	
3686	-6,96414	
3687	-6,86785	
3688	-6,77095	
3689	-6,6707	
3690	-6,57036	
3691	-6,46998	
3692	-6,37176	
3693	-6,26298	
3694	-6,14791	
3695	-6,03558	
3696	-5,92357	
3697	-5,81721	
3698	-5,70826	
3699	-5,59951	
3700	-5,49741	
3701	-5,39846	
3702	-5,30385	
3703	-5,19718	
3704	-5,06141	
3705	-4,9398	
3706	-4,81894	
3707	-4,68556	
3708	-4,55433	
3709	-4,42753	
3710	-4,29742	
3711	-4,16837	
3712	-4,03419	
3713	-3,90149	
3714	-3,77186	
3715	-3,62602	
3716	-3,47535	
3717	-3,33256	
3718	-3,19616	
3719	-3,06224	
3720	-2,92309	
3721	-2,7786	
3722	-2,62544	
3723	-2,47486	
3724	-2,33496	
3725	-2,187	
3726	-2,02925	
3727	-1,86987	
3728	-1,71264	
3729	-1,55105	
3730	-1,38665	
3731	-1,22595	
3732	-1,06378	
3733	-0,897816	
3734	-0,733209	
3735	-0,569246	
3736	-0,401473	
3737	-0,238041	
3738	-0,0932114	
3739	0,053825	
3740	0,223004	
3741	0,418466	
3742	0,640598	
3743	0,876456	
3744	1,10965	
3745	1,3364	
3746	1,56064	
3747	1,77932	
3748	1,99859	
3749	2,23053	
3750	2,47852	
3751	2,74171	
3752	3,02322	
3753	3,3262	
3754	3,63035	
3755	3,90418	
3756	4,15915	
3757	4,42598	
3758	4,70383	
3759	4,99442	
3760	5,3001	
3761	5,62332	
3762	5,96616	
3763	6,3199	
3764	6,67156	
3765	7,02544	
3766	7,3925	
3767	7,77559	
3768	8,16727	
3769	8,56942	
3770	8,99824	
3771	9,47516	
3772	10,0052	
3773	10,5805	
3774	11,1907	
3775	11,8328	
3776	12,5112	
3777	13,2409	
3778	14,0291	
3779	14,886	
3780	15,8273	
3781	16,8687	
3782	18,0309	
3783	19,3423	
3784	20,8371	
3785	22,5482	
3786	24,4825	
3787	26,5663	
3788	28,4927	
3789	29,3449	
3790	27,8974	
3791	25,2067	
3792	22,8635	
3793	20,9978	
3794	19,4595	
3795	18,1475	
3796	17,0052	
3797	15,996	
3798	15,0885	
3799	14,2669	
3800	13,5208	
3801	12,8378	
3802	12,21	
3803	11,6202	
3804	11,0611	
3805	10,5342	
3806	10,0374	
3807	9,5747	
3808	9,13882	
3809	8,72337	
3810	8,3269	
3811	7,94369	
3812	7,5694	
3813	7,20869	
3814	6,86718	
3815	6,55057	
3816	6,25492	
3817	5,97376	
3818	5,69576	
3819	5,42031	
3820	5,15701	
3821	4,90438	
3822	4,65612	
3823	4,41455	
3824	4,17149	
3825	3,92636	
3826	3,69315	
3827	3,4751	
3828	3,26526	
3829	3,06298	
3830	2,86526	
3831	2,67646	
3832	2,49445	
3833	2,3189	
3834	2,14532	
3835	1,9729	
3836	1,80234	
3837	1,63495	
3838	1,4725	
3839	1,31379	
3840	1,15809	
3841	1,00126	
3842	0,843654	
3843	0,694506	
3844	0,554302	
3845	0,413487	
3846	0,274459	
3847	0,132927	
3848	-0,0124468	
3849	-0,15709	
3850	-0,297572	
3851	-0,432345	
3852	-0,564895	
3853	-0,699613	
3854	-0,835034	
3855	-0,961061	
3856	-1,06695	
3857	-1,17059	
3858	-1,28611	
3859	-1,403	
3860	-1,52001	
3861	-1,63383	
3862	-1,74528	
3863	-1,85255	
3864	-1,95229	
3865	-2,04804	
3866	-2,14296	
3867	-2,23622	
3868	-2,32895	
3869	-2,42144	
3870	-2,5192	
3871	-2,61644	
3872	-2,71425	
3873	-2,81109	
3874	-2,90286	
3875	-2,99422	
3876	-3,08423	
3877	-3,16723	
3878	-3,25185	
3879	-3,33314	
3880	-3,4169	
3881	-3,50195	
3882	-3,59006	
3883	-3,67904	
3884	-3,76	
3885	-3,84001	
3886	-3,91804	
3887	-3,99468	
3888	-4,07327	
3889	-4,15086	
3890	-4,22157	
3891	-4,29312	
3892	-4,3677	
3893	-4,44364	
3894	-4,51538	
3895	-4,5981	
3896	-4,67743	
3897	-4,74789	
3898	-4,81107	
3899	-4,87845	
3900	-4,94518	
3901	-5,00685	
3902	-5,07317	
3903	-5,14004	
3904	-5,21257	
3905	-5,2823	
3906	-5,34782	
3907	-5,41045	
3908	-5,47143	
3909	-5,53403	
3910	-5,59365	
3911	-5,65056	
3912	-5,70757	
3913	-5,75836	
3914	-5,81176	
3915	-5,85638	
3916	-5,88526	
3917	-5,91317	
3918	-5,95092	
3919	-5,99723	
3920	-6,05613	
3921	-6,12739	
3922	-6,20577	
3923	-6,27431	
3924	-6,33321	
3925	-6,39955	
3926	-6,47014	
3927	-6,53751	
3928	-6,59736	
3929	-6,65562	
3930	-6,70909	
3931	-6,75946	
3932	-6,8095	
3933	-6,86674	
3934	-6,91473	
3935	-6,96624	
3936	-7,0165	
3937	-7,06919	
3938	-7,1197	
3939	-7,16455	
3940	-7,21531	
3941	-7,26574	
3942	-7,30525	
3943	-7,34947	
3944	-7,39589	
3945	-7,44045	
3946	-7,48598	
3947	-7,53752	
3948	-7,59702	
3949	-7,64597	
3950	-7,6963	
3951	-7,73712	
3952	-7,78099	
3953	-7,8211	
3954	-7,86143	
3955	-7,89841	
3956	-7,93049	
3957	-7,97597	
3958	-8,02669	
3959	-8,08575	
3960	-8,15273	
3961	-8,21921	
3962	-8,26996	
3963	-8,29922	
3964	-8,32894	
3965	-8,36671	
3966	-8,40148	
3967	-8,44153	
3968	-8,48027	
3969	-8,52008	
3970	-8,55487	
3971	-8,59401	
3972	-8,63739	
3973	-8,6655	
3974	-8,69142	
3975	-8,723	
3976	-8,75713	
3977	-8,79991	
3978	-8,85148	
3979	-8,88505	
3980	-8,91941	
3981	-8,95081	
3982	-8,98588	
3983	-9,00807	
3984	-9,02547	
3985	-9,03989	
3986	-9,05221	
3987	-9,05238	
3988	-9,0683	
3989	-9,10415	
3990	-9,16829	
3991	-9,24373	
3992	-9,3076	
3993	-9,35629	
3994	-9,39901	
3995	-9,44295	
3996	-9,47989	
3997	-9,51087	
3998	-9,53734	
3999	-9,565	
4000	-9,60494	
