Frekvenca [Hz] - Frekv. prenosna funkcija	Amplituda frekv. prenosne funkcije [m/s^2/N] - Frekv. prenosna funkcija	
0	3,29883	
1	-5,39893	
2	-7,19175	
3	-7,99343	
4	-12,2945	
5	-14,2963	
6	-15,5453	
7	-16,4494	
8	-17,0788	
9	-17,5244	
10	-17,945	
11	-18,3022	
12	-18,4916	
13	-17,7165	
14	-17,6967	
15	-18,0314	
16	-18,2671	
17	-18,4644	
18	-18,601	
19	-18,6967	
20	-18,7519	
21	-18,8223	
22	-18,8821	
23	-18,942	
24	-18,9938	
25	-19,0394	
26	-19,0762	
27	-19,0769	
28	-19,1279	
29	-19,1431	
30	-19,162	
31	-19,1902	
32	-19,1927	
33	-19,2361	
34	-19,2638	
35	-19,2806	
36	-19,309	
37	-19,3246	
38	-19,3098	
39	-19,3001	
40	-19,2927	
41	-19,3005	
42	-19,3169	
43	-19,3274	
44	-19,3379	
45	-19,3479	
46	-19,3316	
47	-19,3463	
48	-19,3528	
49	-19,3644	
50	-19,3659	
51	-19,3896	
52	-19,3784	
53	-19,393	
54	-19,4346	
55	-19,4514	
56	-19,4657	
57	-19,4769	
58	-19,4651	
59	-19,4602	
60	-19,4632	
61	-19,4885	
62	-19,4908	
63	-19,5047	
64	-19,499	
65	-19,4796	
66	-19,4851	
67	-19,4861	
68	-19,4909	
69	-19,495	
70	-19,5072	
71	-19,51	
72	-19,5109	
73	-19,5113	
74	-19,5045	
75	-19,5216	
76	-19,5206	
77	-19,5161	
78	-19,5044	
79	-19,4982	
80	-19,5211	
81	-19,5276	
82	-19,5145	
83	-19,5216	
84	-19,5277	
85	-19,5118	
86	-19,5286	
87	-19,5453	
88	-19,5359	
89	-19,5258	
90	-19,5283	
91	-19,5271	
92	-19,5268	
93	-19,5312	
94	-19,5437	
95	-19,542	
96	-19,5351	
97	-19,5354	
98	-19,5269	
99	-19,5274	
100	-19,525	
101	-19,5325	
102	-19,5383	
103	-19,5482	
104	-19,5475	
105	-19,5427	
106	-19,5401	
107	-19,541	
108	-19,5373	
109	-19,5213	
110	-19,5315	
111	-19,5411	
112	-19,5217	
113	-19,5258	
114	-19,5305	
115	-19,5395	
116	-19,5326	
117	-19,5461	
118	-19,5259	
119	-19,5221	
120	-19,529	
121	-19,5304	
122	-19,5311	
123	-19,5244	
124	-19,5241	
125	-19,5361	
126	-19,5409	
127	-19,5385	
128	-19,55	
129	-19,5508	
130	-19,5549	
131	-19,5583	
132	-19,561	
133	-19,5575	
134	-19,5686	
135	-19,5669	
136	-19,5592	
137	-19,5641	
138	-19,5718	
139	-19,5744	
140	-19,5763	
141	-19,5928	
142	-19,6006	
143	-19,6071	
144	-19,6157	
145	-19,6185	
146	-19,6203	
147	-19,6312	
148	-19,6474	
149	-19,6599	
150	-19,6634	
151	-19,663	
152	-19,685	
153	-19,6937	
154	-19,7028	
155	-19,7153	
156	-19,7351	
157	-19,7505	
158	-19,7656	
159	-19,7808	
160	-19,7997	
161	-19,8147	
162	-19,8469	
163	-19,8552	
164	-19,8756	
165	-19,9131	
166	-19,9373	
167	-19,9654	
168	-19,9823	
169	-20,0152	
170	-20,0446	
171	-20,0669	
172	-20,1047	
173	-20,1418	
174	-20,1872	
175	-20,2222	
176	-20,262	
177	-20,3018	
178	-20,3588	
179	-20,4066	
180	-20,4553	
181	-20,5076	
182	-20,5797	
183	-20,6673	
184	-20,7444	
185	-20,8018	
186	-20,8783	
187	-20,9813	
188	-21,0612	
189	-21,1739	
190	-21,2747	
191	-21,3979	
192	-21,5301	
193	-21,6852	
194	-21,8404	
195	-22,0273	
196	-22,1916	
197	-22,407	
198	-22,5865	
199	-22,8558	
200	-23,0554	
201	-23,453	
202	-23,7342	
203	-24,2241	
204	-24,6384	
205	-25,3641	
206	-25,8865	
207	-26,9236	
208	-27,9983	
209	-29,3388	
210	-31,0906	
211	-34,1277	
212	-40,2472	
213	-50,1203	
214	-36,6967	
215	-30,2133	
216	-25,861	
217	-22,2088	
218	-18,9173	
219	-15,8454	
220	-12,403	
221	-8,6468	
222	-3,85961	
223	3,01719	
224	10,0366	
225	1,98702	
226	-2,24809	
227	-4,91714	
228	-6,69654	
229	-8,06917	
230	-8,86625	
231	-9,58488	
232	-10,4355	
233	-11,0031	
234	-11,3785	
235	-11,7125	
236	-12,1615	
237	-12,5049	
238	-12,7085	
239	-12,9498	
240	-13,1799	
241	-13,4805	
242	-13,5393	
243	-13,6847	
244	-13,9294	
245	-14,012	
246	-14,1334	
247	-14,2577	
248	-14,4012	
249	-14,4434	
250	-14,555	
251	-14,6426	
252	-14,7162	
253	-14,7725	
254	-14,8643	
255	-14,9284	
256	-15,0046	
257	-15,0741	
258	-15,147	
259	-15,2001	
260	-15,2688	
261	-15,3363	
262	-15,3955	
263	-15,4334	
264	-15,4631	
265	-15,4982	
266	-15,5324	
267	-15,5832	
268	-15,6684	
269	-15,7695	
270	-15,8321	
271	-15,7725	
272	-15,7232	
273	-15,7139	
274	-15,7199	
275	-15,7312	
276	-15,7466	
277	-15,7534	
278	-15,7627	
279	-15,7756	
280	-15,7924	
281	-15,8082	
282	-15,819	
283	-15,8231	
284	-15,8404	
285	-15,8411	
286	-15,8402	
287	-15,849	
288	-15,8697	
289	-15,8736	
290	-15,8916	
291	-15,9003	
292	-15,9037	
293	-15,9115	
294	-15,9128	
295	-15,9179	
296	-15,9198	
297	-15,9246	
298	-15,9254	
299	-15,9277	
300	-15,9236	
301	-15,9271	
302	-15,9274	
303	-15,9336	
304	-15,9316	
305	-15,9262	
306	-15,9211	
307	-15,9146	
308	-15,9148	
309	-15,9137	
310	-15,907	
311	-15,8992	
312	-15,9011	
313	-15,8913	
314	-15,8822	
315	-15,8796	
316	-15,8758	
317	-15,8643	
318	-15,8571	
319	-15,8472	
320	-15,8434	
321	-15,8389	
322	-15,8202	
323	-15,8169	
324	-15,8078	
325	-15,796	
326	-15,7863	
327	-15,7899	
328	-15,7802	
329	-15,766	
330	-15,7576	
331	-15,7427	
332	-15,7333	
333	-15,7252	
334	-15,7098	
335	-15,6979	
336	-15,6887	
337	-15,6751	
338	-15,667	
339	-15,6421	
340	-15,6315	
341	-15,6202	
342	-15,608	
343	-15,6011	
344	-15,5843	
345	-15,5617	
346	-15,5486	
347	-15,5302	
348	-15,5191	
349	-15,5119	
350	-15,4918	
351	-15,4838	
352	-15,4597	
353	-15,4446	
354	-15,4322	
355	-15,4196	
356	-15,3998	
357	-15,3825	
358	-15,372	
359	-15,3471	
360	-15,3282	
361	-15,3144	
362	-15,2957	
363	-15,277	
364	-15,2558	
365	-15,2388	
366	-15,2319	
367	-15,2152	
368	-15,1934	
369	-15,1799	
370	-15,1657	
371	-15,1464	
372	-15,1198	
373	-15,1038	
374	-15,0847	
375	-15,064	
376	-15,0361	
377	-15,02	
378	-15,0011	
379	-14,9778	
380	-14,9569	
381	-14,9349	
382	-14,9191	
383	-14,8983	
384	-14,8734	
385	-14,8482	
386	-14,8315	
387	-14,8118	
388	-14,786	
389	-14,7659	
390	-14,7397	
391	-14,7245	
392	-14,6989	
393	-14,6713	
394	-14,6442	
395	-14,6204	
396	-14,5912	
397	-14,5671	
398	-14,5426	
399	-14,5077	
400	-14,4797	
401	-14,4546	
402	-14,4245	
403	-14,3993	
404	-14,3716	
405	-14,3429	
406	-14,3254	
407	-14,2938	
408	-14,2547	
409	-14,2209	
410	-14,1833	
411	-14,1537	
412	-14,1171	
413	-14,0851	
414	-14,0484	
415	-14,0056	
416	-13,9647	
417	-13,9253	
418	-13,8909	
419	-13,8515	
420	-13,804	
421	-13,7538	
422	-13,6991	
423	-13,6494	
424	-13,5955	
425	-13,5461	
426	-13,4828	
427	-13,4252	
428	-13,3663	
429	-13,3014	
430	-13,214	
431	-13,1278	
432	-13,0458	
433	-12,9444	
434	-12,8434	
435	-12,707	
436	-12,5796	
437	-12,4206	
438	-12,2084	
439	-11,9846	
440	-11,6831	
441	-11,3359	
442	-10,7442	
443	-9,84659	
444	-8,56657	
445	-6,85921	
446	-10,5741	
447	-21,8477	
448	-18,9321	
449	-16,9331	
450	-15,9301	
451	-15,2763	
452	-14,854	
453	-14,532	
454	-14,2699	
455	-14,0315	
456	-13,8537	
457	-13,7041	
458	-13,546	
459	-13,4003	
460	-13,2824	
461	-13,1686	
462	-13,0559	
463	-12,9404	
464	-12,8244	
465	-12,7428	
466	-12,6473	
467	-12,5403	
468	-12,4599	
469	-12,3646	
470	-12,245	
471	-12,1102	
472	-11,968	
473	-11,8384	
474	-11,7029	
475	-11,5667	
476	-11,4292	
477	-11,2997	
478	-11,1619	
479	-11,0132	
480	-10,8676	
481	-10,7161	
482	-10,5532	
483	-10,3736	
484	-10,1708	
485	-9,9517	
486	-9,81056	
487	-9,69864	
488	-9,48047	
489	-9,21864	
490	-8,94915	
491	-8,67617	
492	-8,36362	
493	-7,95315	
494	-7,6322	
495	-7,41572	
496	-7,07955	
497	-6,66075	
498	-6,1918	
499	-5,67225	
500	-5,09018	
501	-4,44307	
502	-3,69192	
503	-2,789	
504	-1,72133	
505	-0,502106	
506	0,962423	
507	2,71109	
508	4,73901	
509	6,85834	
510	8,56708	
511	8,77514	
512	5,66831	
513	1,02614	
514	-1,82185	
515	-3,96994	
516	-5,89584	
517	-7,65331	
518	-9,27893	
519	-10,8437	
520	-12,3309	
521	-13,7395	
522	-15,199	
523	-16,6814	
524	-18,0903	
525	-19,5199	
526	-21,0866	
527	-22,6882	
528	-24,2702	
529	-26,1668	
530	-28,489	
531	-31,0687	
532	-33,8774	
533	-35,9355	
534	-36,918	
535	-35,5576	
536	-33,2557	
537	-31,4655	
538	-29,8979	
539	-28,5596	
540	-27,5155	
541	-26,6407	
542	-25,87	
543	-25,1547	
544	-24,5281	
545	-23,9822	
546	-23,443	
547	-22,9674	
548	-22,6431	
549	-21,9236	
550	-21,7279	
551	-21,4694	
552	-21,0077	
553	-20,8754	
554	-20,6856	
555	-20,4288	
556	-20,2135	
557	-20,0162	
558	-19,83	
559	-19,6599	
560	-19,5363	
561	-19,3672	
562	-19,1888	
563	-18,9933	
564	-18,7636	
565	-18,5789	
566	-18,4215	
567	-18,2965	
568	-18,1596	
569	-18,0375	
570	-17,9494	
571	-17,842	
572	-17,7338	
573	-17,622	
574	-17,4909	
575	-17,3581	
576	-17,2377	
577	-17,15	
578	-17,0849	
579	-17,0006	
580	-16,9073	
581	-16,8207	
582	-16,7379	
583	-16,66	
584	-16,5723	
585	-16,4816	
586	-16,3822	
587	-16,3448	
588	-16,3699	
589	-16,2853	
590	-16,1491	
591	-16,0702	
592	-15,9849	
593	-15,9043	
594	-15,8265	
595	-15,7529	
596	-15,6848	
597	-15,5994	
598	-15,5274	
599	-15,4586	
600	-15,3818	
601	-15,3062	
602	-15,2377	
603	-15,1672	
604	-15,1093	
605	-15,0407	
606	-14,9663	
607	-14,902	
608	-14,8422	
609	-14,7757	
610	-14,6963	
611	-14,6225	
612	-14,5797	
613	-14,5505	
614	-14,4551	
615	-14,3987	
616	-14,3432	
617	-14,2794	
618	-14,2196	
619	-14,1507	
620	-14,0855	
621	-14,0199	
622	-13,9592	
623	-13,8996	
624	-13,8417	
625	-13,7859	
626	-13,7294	
627	-13,6599	
628	-13,5824	
629	-13,5158	
630	-13,4561	
631	-13,3926	
632	-13,3222	
633	-13,2651	
634	-13,2018	
635	-13,1419	
636	-13,0662	
637	-12,9987	
638	-12,9342	
639	-12,8821	
640	-12,829	
641	-12,777	
642	-12,7164	
643	-12,6468	
644	-12,5833	
645	-12,5213	
646	-12,4618	
647	-12,4006	
648	-12,3226	
649	-12,2549	
650	-12,1924	
651	-12,1228	
652	-12,0423	
653	-11,9902	
654	-11,9311	
655	-11,8478	
656	-11,7942	
657	-11,7224	
658	-11,6448	
659	-11,573	
660	-11,509	
661	-11,4492	
662	-11,3956	
663	-11,3337	
664	-11,2483	
665	-11,1659	
666	-11,0893	
667	-11,0174	
668	-10,9635	
669	-10,8661	
670	-10,7752	
671	-10,6667	
672	-10,686	
673	-10,5565	
674	-10,503	
675	-10,4244	
676	-10,3472	
677	-10,2844	
678	-10,229	
679	-10,1441	
680	-10,0153	
681	-9,899	
682	-9,8223	
683	-9,75587	
684	-9,6817	
685	-9,60158	
686	-9,51631	
687	-9,42897	
688	-9,32582	
689	-9,21726	
690	-9,12179	
691	-9,03198	
692	-8,9421	
693	-8,85042	
694	-8,75528	
695	-8,65768	
696	-8,55413	
697	-8,45193	
698	-8,3613	
699	-8,2603	
700	-8,1519	
701	-8,04207	
702	-7,91946	
703	-7,80874	
704	-7,69763	
705	-7,58662	
706	-7,4557	
707	-7,34189	
708	-7,26869	
709	-7,1871	
710	-7,06798	
711	-6,92996	
712	-6,81643	
713	-6,69795	
714	-6,58418	
715	-6,47786	
716	-6,36904	
717	-6,29757	
718	-6,19546	
719	-6,031	
720	-5,84113	
721	-5,66217	
722	-5,49112	
723	-5,32031	
724	-5,14758	
725	-4,96602	
726	-4,79159	
727	-4,62319	
728	-4,45455	
729	-4,28357	
730	-4,11882	
731	-3,95993	
732	-3,80553	
733	-3,63945	
734	-3,36609	
735	-3,07368	
736	-2,8907	
737	-2,66892	
738	-2,44941	
739	-2,20674	
740	-1,96636	
741	-1,72706	
742	-1,47787	
743	-1,21813	
744	-0,947374	
745	-0,673439	
746	-0,381659	
747	-0,0550734	
748	0,298827	
749	0,671238	
750	1,03933	
751	1,39639	
752	1,77268	
753	2,17874	
754	2,61491	
755	3,12648	
756	3,63073	
757	4,09555	
758	4,61758	
759	5,1941	
760	5,83357	
761	6,5396	
762	7,31423	
763	8,17212	
764	9,12071	
765	10,179	
766	11,3898	
767	12,8084	
768	14,4774	
769	16,439	
770	18,7307	
771	21,2603	
772	23,6431	
773	24,7797	
774	22,2975	
775	18,0162	
776	15,3699	
777	13,458	
778	11,8605	
779	10,5013	
780	9,31002	
781	8,28045	
782	7,33451	
783	6,44269	
784	5,65278	
785	4,92616	
786	4,23156	
787	3,5776	
788	2,97717	
789	2,44547	
790	1,96621	
791	1,4669	
792	0,948869	
793	0,463094	
794	0,0123436	
795	-0,444149	
796	-0,889033	
797	-1,30625	
798	-1,64633	
799	-1,92789	
800	-2,24808	
801	-2,61075	
802	-2,95232	
803	-3,27159	
804	-3,58423	
805	-3,88775	
806	-4,18662	
807	-4,48035	
808	-4,76918	
809	-5,06329	
810	-5,32943	
811	-5,57704	
812	-5,86208	
813	-6,1249	
814	-6,34744	
815	-6,58259	
816	-6,83863	
817	-7,07677	
818	-7,30939	
819	-7,54117	
820	-7,75763	
821	-7,96728	
822	-8,24812	
823	-8,45248	
824	-8,65989	
825	-8,85207	
826	-9,05611	
827	-9,26218	
828	-9,47455	
829	-9,66795	
830	-9,85344	
831	-10,0624	
832	-10,268	
833	-10,4737	
834	-10,6602	
835	-10,8275	
836	-11,0159	
837	-11,2662	
838	-11,5199	
839	-11,7313	
840	-11,8517	
841	-11,9779	
842	-12,1564	
843	-12,3343	
844	-12,4999	
845	-12,6634	
846	-12,8264	
847	-12,9933	
848	-13,1734	
849	-13,3799	
850	-13,5827	
851	-13,7199	
852	-13,8461	
853	-14,0097	
854	-14,1782	
855	-14,3437	
856	-14,5183	
857	-14,6657	
858	-14,8349	
859	-15,0107	
860	-15,1773	
861	-15,3244	
862	-15,4827	
863	-15,6405	
864	-15,8001	
865	-15,9653	
866	-16,1298	
867	-16,2875	
868	-16,4568	
869	-16,6126	
870	-16,7715	
871	-16,9438	
872	-17,1038	
873	-17,2826	
874	-17,4528	
875	-17,5711	
876	-17,7529	
877	-17,9144	
878	-18,1033	
879	-18,2759	
880	-18,4192	
881	-18,5757	
882	-18,7196	
883	-18,8774	
884	-19,049	
885	-19,212	
886	-19,383	
887	-19,556	
888	-19,7326	
889	-19,8777	
890	-20,025	
891	-20,197	
892	-20,383	
893	-20,6318	
894	-20,7118	
895	-20,9061	
896	-21,0869	
897	-21,295	
898	-21,464	
899	-21,6034	
900	-21,7585	
901	-21,9488	
902	-22,2147	
903	-22,416	
904	-22,5945	
905	-22,7723	
906	-22,9557	
907	-23,1076	
908	-23,2768	
909	-23,4711	
910	-23,6912	
911	-23,9029	
912	-24,0975	
913	-24,2745	
914	-24,4767	
915	-24,7349	
916	-24,9114	
917	-25,0869	
918	-25,3173	
919	-25,5297	
920	-25,7091	
921	-25,9465	
922	-26,1297	
923	-26,2516	
924	-26,3438	
925	-26,6171	
926	-27,0242	
927	-27,4178	
928	-27,7262	
929	-28,0615	
930	-28,3596	
931	-28,5595	
932	-28,7109	
933	-28,9036	
934	-29,3624	
935	-29,7336	
936	-30,045	
937	-30,3153	
938	-30,6423	
939	-31,0004	
940	-31,6006	
941	-31,9301	
942	-31,6535	
943	-31,9446	
944	-32,4134	
945	-32,799	
946	-33,2374	
947	-33,7723	
948	-34,3576	
949	-34,8204	
950	-35,1394	
951	-35,4166	
952	-35,9037	
953	-36,4631	
954	-36,9268	
955	-37,3334	
956	-37,9172	
957	-39,0356	
958	-40,2648	
959	-40,9294	
960	-42,6307	
961	-42,8523	
962	-43,5431	
963	-44,2794	
964	-45,4035	
965	-47,4298	
966	-50,8091	
967	-56,2076	
968	-61,7666	
969	-57,9074	
970	-53,2779	
971	-49,9716	
972	-48,0326	
973	-47,0419	
974	-45,9555	
975	-44,6587	
976	-43,7109	
977	-42,6355	
978	-42,0938	
979	-42,0057	
980	-41,51	
981	-40,6937	
982	-39,6444	
983	-38,7457	
984	-38,0858	
985	-37,5087	
986	-36,9855	
987	-36,5247	
988	-36,1229	
989	-35,5862	
990	-35,0404	
991	-34,5847	
992	-34,264	
993	-34,0039	
994	-34,0887	
995	-34,5806	
996	-33,8315	
997	-32,575	
998	-32,4951	
999	-32,0878	
1000	-31,9984	
1001	-31,916	
1002	-31,7576	
1003	-31,5238	
1004	-31,1244	
1005	-30,7647	
1006	-30,4594	
1007	-30,1634	
1008	-29,9689	
1009	-29,7813	
1010	-29,5818	
1011	-29,3487	
1012	-29,1151	
1013	-28,8937	
1014	-28,7486	
1015	-28,6092	
1016	-28,4722	
1017	-28,4101	
1018	-28,2619	
1019	-27,9957	
1020	-27,7284	
1021	-27,424	
1022	-27,1456	
1023	-27,0538	
1024	-26,9497	
1025	-26,7817	
1026	-26,6495	
1027	-26,5093	
1028	-26,3607	
1029	-26,2086	
1030	-26,0483	
1031	-25,8799	
1032	-25,7063	
1033	-25,5893	
1034	-25,7222	
1035	-26,1618	
1036	-26,4558	
1037	-26,2354	
1038	-25,882	
1039	-25,6397	
1040	-25,4846	
1041	-25,3271	
1042	-25,0131	
1043	-24,8303	
1044	-24,7923	
1045	-24,681	
1046	-24,5835	
1047	-24,4762	
1048	-24,3802	
1049	-24,3107	
1050	-24,2305	
1051	-24,1502	
1052	-24,0822	
1053	-24,0383	
1054	-24,0585	
1055	-24,1073	
1056	-24,1994	
1057	-24,3357	
1058	-24,4482	
1059	-24,5106	
1060	-24,2962	
1061	-23,6743	
1062	-23,1782	
1063	-23,0238	
1064	-22,8675	
1065	-22,7177	
1066	-22,5845	
1067	-22,4442	
1068	-22,3175	
1069	-22,2015	
1070	-22,0954	
1071	-22,0121	
1072	-21,9417	
1073	-21,8497	
1074	-21,7335	
1075	-21,602	
1076	-21,4619	
1077	-21,3271	
1078	-21,2444	
1079	-21,1704	
1080	-21,1037	
1081	-21,0252	
1082	-20,9745	
1083	-20,8848	
1084	-20,7594	
1085	-20,6733	
1086	-20,5929	
1087	-20,505	
1088	-20,4077	
1089	-20,3173	
1090	-20,2333	
1091	-20,1459	
1092	-20,0629	
1093	-19,9582	
1094	-19,8561	
1095	-19,7795	
1096	-19,7047	
1097	-19,6092	
1098	-19,5171	
1099	-19,4666	
1100	-19,4364	
1101	-19,3991	
1102	-19,2704	
1103	-19,1621	
1104	-19,0801	
1105	-18,9878	
1106	-18,8959	
1107	-18,8212	
1108	-18,7345	
1109	-18,652	
1110	-18,564	
1111	-18,4723	
1112	-18,4062	
1113	-18,3323	
1114	-18,2554	
1115	-18,1681	
1116	-18,0774	
1117	-17,9842	
1118	-17,9022	
1119	-17,817	
1120	-17,7162	
1121	-17,6321	
1122	-17,5304	
1123	-17,4404	
1124	-17,3421	
1125	-17,2739	
1126	-17,2131	
1127	-17,1416	
1128	-17,0568	
1129	-16,9661	
1130	-16,891	
1131	-16,8028	
1132	-16,7134	
1133	-16,6107	
1134	-16,5146	
1135	-16,4223	
1136	-16,3346	
1137	-16,2429	
1138	-16,1429	
1139	-16,0417	
1140	-15,9559	
1141	-15,8647	
1142	-15,7715	
1143	-15,6736	
1144	-15,5814	
1145	-15,4902	
1146	-15,3905	
1147	-15,2916	
1148	-15,1976	
1149	-15,0865	
1150	-14,9898	
1151	-14,8936	
1152	-14,7943	
1153	-14,6861	
1154	-14,5732	
1155	-14,472	
1156	-14,3746	
1157	-14,2673	
1158	-14,16	
1159	-14,0511	
1160	-13,9396	
1161	-13,8403	
1162	-13,7326	
1163	-13,6046	
1164	-13,4523	
1165	-13,3167	
1166	-13,196	
1167	-13,0818	
1168	-12,9567	
1169	-12,8252	
1170	-12,6955	
1171	-12,5697	
1172	-12,432	
1173	-12,2918	
1174	-12,1521	
1175	-12,006	
1176	-11,8529	
1177	-11,6926	
1178	-11,5397	
1179	-11,3825	
1180	-11,2027	
1181	-11,0104	
1182	-10,8225	
1183	-10,6119	
1184	-10,3939	
1185	-10,157	
1186	-9,89794	
1187	-9,67045	
1188	-9,48985	
1189	-9,32896	
1190	-9,15531	
1191	-8,95066	
1192	-8,71813	
1193	-8,46808	
1194	-8,19995	
1195	-7,91853	
1196	-7,6136	
1197	-7,29289	
1198	-6,94956	
1199	-6,5772	
1200	-6,16776	
1201	-5,71104	
1202	-5,21601	
1203	-4,6216	
1204	-3,86175	
1205	-3,03059	
1206	-2,55633	
1207	-4,46744	
1208	-5,93058	
1209	-4,65112	
1210	-3,42305	
1211	-2,37797	
1212	-1,33883	
1213	-0,213738	
1214	1,00401	
1215	2,39452	
1216	4,04945	
1217	6,08851	
1218	8,75896	
1219	12,3024	
1220	17,092	
1221	18,7842	
1222	12,1156	
1223	7,74858	
1224	4,85448	
1225	2,64632	
1226	0,815712	
1227	-0,722035	
1228	-2,07117	
1229	-3,27294	
1230	-4,38381	
1231	-5,42002	
1232	-6,39896	
1233	-7,32361	
1234	-8,20841	
1235	-9,06294	
1236	-9,8696	
1237	-10,6344	
1238	-11,3724	
1239	-12,1181	
1240	-12,8736	
1241	-13,6284	
1242	-14,4032	
1243	-15,1951	
1244	-15,9744	
1245	-16,7417	
1246	-17,534	
1247	-18,2681	
1248	-19,0109	
1249	-19,7769	
1250	-20,5641	
1251	-21,4053	
1252	-22,2531	
1253	-23,1356	
1254	-24,0653	
1255	-25,0443	
1256	-26,1392	
1257	-27,4098	
1258	-28,7829	
1259	-30,406	
1260	-32,1288	
1261	-34,1411	
1262	-36,5994	
1263	-39,7677	
1264	-42,4285	
1265	-41,8574	
1266	-39,8657	
1267	-36,8537	
1268	-35,8364	
1269	-34,8375	
1270	-33,6482	
1271	-32,49	
1272	-31,3757	
1273	-30,3532	
1274	-29,4002	
1275	-28,4758	
1276	-27,6035	
1277	-26,8089	
1278	-26,0573	
1279	-25,3589	
1280	-24,6613	
1281	-24,0095	
1282	-23,5956	
1283	-23,5099	
1284	-23,6197	
1285	-23,5063	
1286	-23,2309	
1287	-22,9582	
1288	-22,6695	
1289	-22,3941	
1290	-22,0867	
1291	-21,7937	
1292	-21,5096	
1293	-21,2471	
1294	-21,0352	
1295	-20,822	
1296	-20,6101	
1297	-20,4366	
1298	-20,256	
1299	-20,0456	
1300	-19,8271	
1301	-19,5956	
1302	-19,376	
1303	-19,1664	
1304	-18,9732	
1305	-18,8564	
1306	-18,7269	
1307	-18,5031	
1308	-18,2969	
1309	-18,1254	
1310	-17,95	
1311	-17,7885	
1312	-17,6299	
1313	-17,4809	
1314	-17,3204	
1315	-17,1627	
1316	-17,0257	
1317	-16,8897	
1318	-16,7547	
1319	-16,6184	
1320	-16,4777	
1321	-16,3032	
1322	-16,136	
1323	-16,0708	
1324	-16,0457	
1325	-15,9269	
1326	-15,7972	
1327	-15,6802	
1328	-15,5409	
1329	-15,3994	
1330	-15,2831	
1331	-15,1526	
1332	-15,0276	
1333	-14,919	
1334	-14,8124	
1335	-14,6988	
1336	-14,5942	
1337	-14,5105	
1338	-14,4537	
1339	-14,3789	
1340	-14,2664	
1341	-14,1196	
1342	-14,0048	
1343	-13,9059	
1344	-13,8031	
1345	-13,6799	
1346	-13,5517	
1347	-13,4181	
1348	-13,319	
1349	-13,245	
1350	-13,1561	
1351	-13,0347	
1352	-12,9273	
1353	-12,8301	
1354	-12,7338	
1355	-12,6347	
1356	-12,5194	
1357	-12,4099	
1358	-12,3007	
1359	-12,1962	
1360	-12,1018	
1361	-12,0188	
1362	-11,9264	
1363	-11,8253	
1364	-11,7173	
1365	-11,6082	
1366	-11,508	
1367	-11,4118	
1368	-11,3089	
1369	-11,2016	
1370	-11,1006	
1371	-10,9918	
1372	-10,8633	
1373	-10,7608	
1374	-10,6586	
1375	-10,5573	
1376	-10,4661	
1377	-10,3627	
1378	-10,2637	
1379	-10,156	
1380	-10,0541	
1381	-9,95386	
1382	-9,83358	
1383	-9,72473	
1384	-9,62349	
1385	-9,53017	
1386	-9,43349	
1387	-9,32495	
1388	-9,20841	
1389	-9,08064	
1390	-8,97084	
1391	-8,8683	
1392	-8,74972	
1393	-8,63512	
1394	-8,52206	
1395	-8,40635	
1396	-8,29656	
1397	-8,19515	
1398	-8,0892	
1399	-7,96915	
1400	-7,84253	
1401	-7,72468	
1402	-7,61263	
1403	-7,49677	
1404	-7,37987	
1405	-7,26624	
1406	-7,14762	
1407	-7,02126	
1408	-6,89854	
1409	-6,78077	
1410	-6,65153	
1411	-6,51237	
1412	-6,36816	
1413	-6,23197	
1414	-6,10991	
1415	-5,98375	
1416	-5,84767	
1417	-5,71251	
1418	-5,57339	
1419	-5,43612	
1420	-5,30408	
1421	-5,16955	
1422	-5,02694	
1423	-4,87585	
1424	-4,71575	
1425	-4,56813	
1426	-4,43663	
1427	-4,291	
1428	-4,13311	
1429	-3,9747	
1430	-3,8213	
1431	-3,66585	
1432	-3,50763	
1433	-3,34311	
1434	-3,176	
1435	-3,00303	
1436	-2,82817	
1437	-2,65075	
1438	-2,47135	
1439	-2,28883	
1440	-2,1063	
1441	-1,91649	
1442	-1,75578	
1443	-1,63001	
1444	-1,41852	
1445	-1,19821	
1446	-0,953623	
1447	-0,714706	
1448	-0,489722	
1449	-0,264817	
1450	-0,0407298	
1451	0,175542	
1452	0,389033	
1453	0,627325	
1454	0,881492	
1455	1,13462	
1456	1,39632	
1457	1,66382	
1458	1,93541	
1459	2,21511	
1460	2,51338	
1461	2,82769	
1462	3,14333	
1463	3,46456	
1464	3,79705	
1465	4,14535	
1466	4,50925	
1467	4,87428	
1468	5,24983	
1469	5,65747	
1470	6,08791	
1471	6,54054	
1472	7,00761	
1473	7,51124	
1474	8,06478	
1475	8,63491	
1476	9,22081	
1477	9,84754	
1478	10,5312	
1479	11,2752	
1480	12,0771	
1481	12,959	
1482	13,9694	
1483	15,1324	
1484	16,4015	
1485	17,854	
1486	19,582	
1487	21,6344	
1488	24,0733	
1489	26,7842	
1490	29,162	
1491	29,0309	
1492	25,5039	
1493	22,308	
1494	20,0453	
1495	18,2666	
1496	16,7929	
1497	15,5209	
1498	14,3856	
1499	13,385	
1500	12,5023	
1501	11,7104	
1502	10,9874	
1503	10,3251	
1504	9,71567	
1505	9,13924	
1506	8,5766	
1507	7,99213	
1508	7,411	
1509	6,96463	
1510	6,53768	
1511	6,09866	
1512	5,69456	
1513	5,2959	
1514	4,93231	
1515	4,60034	
1516	4,27987	
1517	3,95749	
1518	3,64532	
1519	3,34849	
1520	3,06511	
1521	2,78565	
1522	2,50734	
1523	2,2283	
1524	1,95367	
1525	1,69521	
1526	1,4675	
1527	1,26407	
1528	1,07904	
1529	0,885081	
1530	0,675952	
1531	0,471175	
1532	0,257424	
1533	0,0311249	
1534	-0,184012	
1535	-0,386532	
1536	-0,580586	
1537	-0,764692	
1538	-0,943687	
1539	-1,11535	
1540	-1,29577	
1541	-1,4827	
1542	-1,67061	
1543	-1,85554	
1544	-2,02932	
1545	-2,16776	
1546	-2,25468	
1547	-2,37563	
1548	-2,50776	
1549	-2,65519	
1550	-2,82328	
1551	-2,9705	
1552	-3,09593	
1553	-3,205	
1554	-3,33245	
1555	-3,47687	
1556	-3,62331	
1557	-3,75082	
1558	-3,8695	
1559	-3,99573	
1560	-4,11591	
1561	-4,23062	
1562	-4,34149	
1563	-4,45796	
1564	-4,5763	
1565	-4,68838	
1566	-4,80987	
1567	-4,93121	
1568	-5,04402	
1569	-5,14846	
1570	-5,2627	
1571	-5,37681	
1572	-5,47944	
1573	-5,58767	
1574	-5,69327	
1575	-5,7883	
1576	-5,88111	
1577	-5,98354	
1578	-6,0846	
1579	-6,18029	
1580	-6,28064	
1581	-6,37324	
1582	-6,46071	
1583	-6,5454	
1584	-6,63688	
1585	-6,74548	
1586	-6,86153	
1587	-6,95789	
1588	-7,0418	
1589	-7,12894	
1590	-7,2209	
1591	-7,31916	
1592	-7,40924	
1593	-7,48886	
1594	-7,56614	
1595	-7,64009	
1596	-7,7269	
1597	-7,80788	
1598	-7,8849	
1599	-7,96254	
1600	-8,0344	
1601	-8,11049	
1602	-8,1903	
1603	-8,27482	
1604	-8,35797	
1605	-8,4298	
1606	-8,49923	
1607	-8,56388	
1608	-8,63902	
1609	-8,72518	
1610	-8,81242	
1611	-8,88548	
1612	-8,94946	
1613	-9,02989	
1614	-9,10301	
1615	-9,17786	
1616	-9,25204	
1617	-9,32304	
1618	-9,38944	
1619	-9,46066	
1620	-9,53334	
1621	-9,60612	
1622	-9,68164	
1623	-9,75841	
1624	-9,83496	
1625	-9,90708	
1626	-9,96797	
1627	-10,0157	
1628	-10,0749	
1629	-10,1444	
1630	-10,2058	
1631	-10,2662	
1632	-10,3429	
1633	-10,4188	
1634	-10,4811	
1635	-10,5462	
1636	-10,6081	
1637	-10,6683	
1638	-10,7356	
1639	-10,8019	
1640	-10,8609	
1641	-10,9242	
1642	-10,9809	
1643	-11,0313	
1644	-11,0819	
1645	-11,146	
1646	-11,222	
1647	-11,2931	
1648	-11,349	
1649	-11,4039	
1650	-11,4625	
1651	-11,5245	
1652	-11,5779	
1653	-11,6358	
1654	-11,6945	
1655	-11,7552	
1656	-11,8137	
1657	-11,8695	
1658	-11,9252	
1659	-11,988	
1660	-12,0537	
1661	-12,1087	
1662	-12,1673	
1663	-12,2242	
1664	-12,2774	
1665	-12,3424	
1666	-12,4294	
1667	-12,4733	
1668	-12,5072	
1669	-12,5105	
1670	-12,5853	
1671	-12,6458	
1672	-12,7021	
1673	-12,7664	
1674	-12,8316	
1675	-12,8857	
1676	-12,9473	
1677	-13,0042	
1678	-13,0439	
1679	-13,101	
1680	-13,1565	
1681	-13,2071	
1682	-13,2571	
1683	-13,3028	
1684	-13,3398	
1685	-13,3851	
1686	-13,4342	
1687	-13,4929	
1688	-13,5612	
1689	-13,6105	
1690	-13,6586	
1691	-13,6935	
1692	-13,7418	
1693	-13,7891	
1694	-13,8442	
1695	-13,8974	
1696	-13,9669	
1697	-14,0707	
1698	-14,191	
1699	-14,2796	
1700	-14,3438	
1701	-14,4001	
1702	-14,4506	
1703	-14,5024	
1704	-14,5447	
1705	-14,5757	
1706	-14,6144	
1707	-14,6616	
1708	-14,7132	
1709	-14,7663	
1710	-14,8205	
1711	-14,8689	
1712	-14,8864	
1713	-14,8908	
1714	-14,9793	
1715	-15,0983	
1716	-15,1705	
1717	-15,2408	
1718	-15,2938	
1719	-15,3422	
1720	-15,4067	
1721	-15,4535	
1722	-15,4938	
1723	-15,5505	
1724	-15,6082	
1725	-15,6789	
1726	-15,7566	
1727	-15,8175	
1728	-15,8622	
1729	-15,9125	
1730	-16,0392	
1731	-16,1762	
1732	-16,1546	
1733	-16,0633	
1734	-16,0507	
1735	-16,059	
1736	-16,0864	
1737	-16,1896	
1738	-16,3015	
1739	-16,3985	
1740	-16,4601	
1741	-16,5222	
1742	-16,578	
1743	-16,6365	
1744	-16,6848	
1745	-16,7365	
1746	-16,7976	
1747	-16,8829	
1748	-16,9708	
1749	-17,0531	
1750	-17,1167	
1751	-17,1286	
1752	-17,0073	
1753	-16,8377	
1754	-16,8252	
1755	-16,9467	
1756	-17,0795	
1757	-17,1781	
1758	-17,261	
1759	-17,3425	
1760	-17,4472	
1761	-17,5552	
1762	-17,6121	
1763	-17,6589	
1764	-17,7071	
1765	-17,7753	
1766	-17,844	
1767	-17,8992	
1768	-17,95	
1769	-17,9853	
1770	-18,0689	
1771	-18,0879	
1772	-18,1566	
1773	-18,2122	
1774	-18,258	
1775	-18,3143	
1776	-18,3584	
1777	-18,396	
1778	-18,5058	
1779	-18,6846	
1780	-18,796	
1781	-18,8801	
1782	-18,9713	
1783	-19,0666	
1784	-19,1567	
1785	-19,2223	
1786	-19,299	
1787	-19,3879	
1788	-19,5389	
1789	-19,6837	
1790	-19,7915	
1791	-19,877	
1792	-19,9153	
1793	-19,9169	
1794	-19,923	
1795	-19,9496	
1796	-20,036	
1797	-20,1278	
1798	-20,2099	
1799	-20,2999	
1800	-20,3878	
1801	-20,4622	
1802	-20,5488	
1803	-20,6494	
1804	-20,761	
1805	-20,8637	
1806	-20,9584	
1807	-21,0516	
1808	-21,1087	
1809	-21,1842	
1810	-21,2736	
1811	-21,3549	
1812	-21,4561	
1813	-21,5711	
1814	-21,6825	
1815	-21,8342	
1816	-21,9702	
1817	-22,0428	
1818	-22,0601	
1819	-22,1629	
1820	-22,3373	
1821	-22,4801	
1822	-22,5901	
1823	-22,7071	
1824	-22,8513	
1825	-22,9949	
1826	-23,1398	
1827	-23,3452	
1828	-23,5715	
1829	-23,765	
1830	-23,9381	
1831	-24,0906	
1832	-24,2251	
1833	-24,3206	
1834	-24,4407	
1835	-24,524	
1836	-24,6414	
1837	-24,8359	
1838	-25,0096	
1839	-25,1695	
1840	-25,3276	
1841	-25,5311	
1842	-25,7549	
1843	-25,9699	
1844	-26,1809	
1845	-26,4053	
1846	-26,6548	
1847	-26,9648	
1848	-27,2122	
1849	-27,4273	
1850	-27,6427	
1851	-27,9352	
1852	-28,2572	
1853	-28,5698	
1854	-28,9096	
1855	-29,2476	
1856	-29,5701	
1857	-29,9293	
1858	-30,2866	
1859	-30,6354	
1860	-31,1139	
1861	-31,6086	
1862	-32,1316	
1863	-32,6341	
1864	-33,2185	
1865	-33,8647	
1866	-34,6142	
1867	-35,376	
1868	-36,233	
1869	-37,1653	
1870	-38,3659	
1871	-39,8869	
1872	-41,6775	
1873	-43,8958	
1874	-46,9489	
1875	-51,0507	
1876	-58,8332	
1877	-60,3983	
1878	-50,3286	
1879	-45,5783	
1880	-42,3576	
1881	-40,3685	
1882	-38,4902	
1883	-37,0476	
1884	-35,7542	
1885	-34,5908	
1886	-33,6147	
1887	-32,6458	
1888	-31,6918	
1889	-30,6649	
1890	-30,0018	
1891	-29,1194	
1892	-28,4914	
1893	-27,8116	
1894	-27,2706	
1895	-26,8281	
1896	-26,3772	
1897	-25,9038	
1898	-25,408	
1899	-24,8299	
1900	-24,328	
1901	-23,8675	
1902	-23,4064	
1903	-22,9403	
1904	-22,465	
1905	-22,005	
1906	-21,5875	
1907	-21,1614	
1908	-20,7351	
1909	-20,324	
1910	-19,9185	
1911	-19,5023	
1912	-19,0635	
1913	-18,6297	
1914	-18,2178	
1915	-17,8032	
1916	-17,3965	
1917	-17,0025	
1918	-16,5909	
1919	-16,1549	
1920	-15,7248	
1921	-15,3374	
1922	-14,9657	
1923	-14,5786	
1924	-14,1957	
1925	-13,8073	
1926	-13,4088	
1927	-12,9797	
1928	-12,5451	
1929	-12,1336	
1930	-11,6883	
1931	-11,2336	
1932	-10,7872	
1933	-10,3078	
1934	-9,79775	
1935	-9,22746	
1936	-8,64611	
1937	-8,18434	
1938	-7,91403	
1939	-7,661	
1940	-7,08152	
1941	-6,4459	
1942	-5,79846	
1943	-5,12544	
1944	-4,45004	
1945	-3,77315	
1946	-3,07606	
1947	-2,33207	
1948	-1,51089	
1949	-0,612233	
1950	0,356049	
1951	1,41488	
1952	2,56396	
1953	3,81958	
1954	5,23708	
1955	6,80643	
1956	8,54597	
1957	10,4603	
1958	12,3684	
1959	14,0437	
1960	14,7514	
1961	13,5485	
1962	11,0841	
1963	8,87209	
1964	7,13212	
1965	5,70893	
1966	4,48672	
1967	3,42034	
1968	2,49446	
1969	1,67145	
1970	0,923925	
1971	0,249665	
1972	-0,367779	
1973	-0,950035	
1974	-1,51411	
1975	-2,05175	
1976	-2,54255	
1977	-2,99874	
1978	-3,43542	
1979	-3,83825	
1980	-4,14657	
1981	-4,40158	
1982	-4,68962	
1983	-5,00271	
1984	-5,31073	
1985	-5,59942	
1986	-5,88413	
1987	-6,17015	
1988	-6,45139	
1989	-6,73735	
1990	-7,06576	
1991	-7,48648	
1992	-8,03984	
1993	-8,569	
1994	-8,55056	
1995	-8,29814	
1996	-8,34409	
1997	-8,521	
1998	-8,6755	
1999	-8,81476	
2000	-8,91593	
2001	-8,99359	
2002	-9,09592	
2003	-9,21657	
2004	-9,33359	
2005	-9,46685	
2006	-9,601	
2007	-9,73002	
2008	-9,85151	
2009	-9,96172	
2010	-10,0741	
2011	-10,21	
2012	-10,3519	
2013	-10,4909	
2014	-10,6159	
2015	-10,7263	
2016	-10,8177	
2017	-10,9124	
2018	-11,0198	
2019	-11,1349	
2020	-11,2573	
2021	-11,3715	
2022	-11,4783	
2023	-11,5858	
2024	-11,7017	
2025	-11,8284	
2026	-11,9391	
2027	-12,0278	
2028	-12,1185	
2029	-12,2165	
2030	-12,3144	
2031	-12,4034	
2032	-12,5013	
2033	-12,6532	
2034	-12,8044	
2035	-12,9511	
2036	-13,1167	
2037	-13,2641	
2038	-13,3284	
2039	-13,2923	
2040	-13,2328	
2041	-13,2209	
2042	-13,2241	
2043	-13,2545	
2044	-13,2875	
2045	-13,3348	
2046	-13,3845	
2047	-13,4294	
2048	-13,4687	
2049	-13,5092	
2050	-13,5631	
2051	-13,6184	
2052	-13,6735	
2053	-13,7422	
2054	-13,8391	
2055	-13,9905	
2056	-14,1989	
2057	-14,3788	
2058	-14,4511	
2059	-14,4579	
2060	-14,5066	
2061	-14,5565	
2062	-14,5836	
2063	-14,6147	
2064	-14,6539	
2065	-14,7036	
2066	-14,761	
2067	-14,8134	
2068	-14,8668	
2069	-14,9254	
2070	-14,9864	
2071	-15,0484	
2072	-15,1071	
2073	-15,1714	
2074	-15,2256	
2075	-15,2527	
2076	-15,2899	
2077	-15,3601	
2078	-15,4245	
2079	-15,4597	
2080	-15,493	
2081	-15,5176	
2082	-15,5613	
2083	-15,6213	
2084	-15,6826	
2085	-15,7339	
2086	-15,7769	
2087	-15,8099	
2088	-15,846	
2089	-15,8897	
2090	-15,9386	
2091	-16,0008	
2092	-16,078	
2093	-16,1373	
2094	-16,1887	
2095	-16,2331	
2096	-16,2907	
2097	-16,3433	
2098	-16,4051	
2099	-16,4713	
2100	-16,5248	
2101	-16,5721	
2102	-16,6109	
2103	-16,6476	
2104	-16,6737	
2105	-16,7085	
2106	-16,7522	
2107	-16,7808	
2108	-16,8248	
2109	-16,8736	
2110	-16,9385	
2111	-16,988	
2112	-17,0194	
2113	-17,0554	
2114	-17,083	
2115	-17,1183	
2116	-17,1658	
2117	-17,2232	
2118	-17,2659	
2119	-17,309	
2120	-17,3458	
2121	-17,382	
2122	-17,4343	
2123	-17,4776	
2124	-17,5134	
2125	-17,5537	
2126	-17,5887	
2127	-17,6384	
2128	-17,6829	
2129	-17,7262	
2130	-17,7803	
2131	-17,8317	
2132	-17,873	
2133	-17,9147	
2134	-17,954	
2135	-17,9918	
2136	-18,0293	
2137	-18,079	
2138	-18,1192	
2139	-18,1715	
2140	-18,2108	
2141	-18,2664	
2142	-18,3147	
2143	-18,3478	
2144	-18,3897	
2145	-18,4242	
2146	-18,4654	
2147	-18,5163	
2148	-18,5651	
2149	-18,5966	
2150	-18,6251	
2151	-18,6682	
2152	-18,7133	
2153	-18,7369	
2154	-18,7693	
2155	-18,8184	
2156	-18,8791	
2157	-18,9349	
2158	-18,9883	
2159	-19,0254	
2160	-19,046	
2161	-19,0915	
2162	-19,1398	
2163	-19,1841	
2164	-19,2231	
2165	-19,2683	
2166	-19,3033	
2167	-19,3393	
2168	-19,3744	
2169	-19,4232	
2170	-19,4726	
2171	-19,5099	
2172	-19,5479	
2173	-19,584	
2174	-19,6271	
2175	-19,6837	
2176	-19,7262	
2177	-19,7391	
2178	-19,7429	
2179	-19,7643	
2180	-19,7328	
2181	-19,6754	
2182	-19,582	
2183	-19,4736	
2184	-19,5337	
2185	-19,7787	
2186	-19,9814	
2187	-20,096	
2188	-20,1838	
2189	-20,2565	
2190	-20,3207	
2191	-20,3679	
2192	-20,3966	
2193	-20,464	
2194	-20,5225	
2195	-20,5728	
2196	-20,6234	
2197	-20,6931	
2198	-20,7397	
2199	-20,7823	
2200	-20,8089	
2201	-20,8351	
2202	-20,8862	
2203	-20,9473	
2204	-21,0034	
2205	-21,0719	
2206	-21,1466	
2207	-21,1918	
2208	-21,2213	
2209	-21,2372	
2210	-21,3093	
2211	-21,3753	
2212	-21,4612	
2213	-21,5384	
2214	-21,6168	
2215	-21,7029	
2216	-21,7952	
2217	-21,8459	
2218	-21,8466	
2219	-21,9779	
2220	-21,9743	
2221	-21,9695	
2222	-21,9409	
2223	-21,917	
2224	-21,9345	
2225	-21,9055	
2226	-21,8918	
2227	-22,0159	
2228	-22,0914	
2229	-22,1765	
2230	-22,2349	
2231	-22,2747	
2232	-22,3302	
2233	-22,3961	
2234	-22,4444	
2235	-22,5284	
2236	-22,5709	
2237	-22,6381	
2238	-22,7071	
2239	-22,8191	
2240	-22,8966	
2241	-22,9468	
2242	-22,9405	
2243	-22,9617	
2244	-23,0806	
2245	-23,1665	
2246	-23,2324	
2247	-23,3006	
2248	-23,3861	
2249	-23,4824	
2250	-23,5747	
2251	-23,6458	
2252	-23,7354	
2253	-23,8435	
2254	-23,9273	
2255	-23,9999	
2256	-24,0937	
2257	-24,1895	
2258	-24,338	
2259	-24,5595	
2260	-24,9037	
2261	-25,452	
2262	-26,3041	
2263	-26,9822	
2264	-26,6073	
2265	-25,7657	
2266	-25,4252	
2267	-25,2899	
2268	-25,2582	
2269	-25,2426	
2270	-25,2185	
2271	-25,255	
2272	-25,2951	
2273	-25,3415	
2274	-25,3907	
2275	-25,4447	
2276	-25,5041	
2277	-25,5642	
2278	-25,7067	
2279	-25,8514	
2280	-26,0205	
2281	-26,1468	
2282	-26,2153	
2283	-26,2289	
2284	-26,3005	
2285	-26,3878	
2286	-26,5541	
2287	-26,7643	
2288	-26,9409	
2289	-27,1266	
2290	-27,2793	
2291	-27,3776	
2292	-27,4641	
2293	-27,624	
2294	-27,8139	
2295	-28,0443	
2296	-28,3617	
2297	-28,6892	
2298	-29,0713	
2299	-29,1614	
2300	-28,9924	
2301	-28,8488	
2302	-28,8442	
2303	-28,8782	
2304	-28,9594	
2305	-29,1589	
2306	-29,2934	
2307	-29,4485	
2308	-29,6147	
2309	-29,7905	
2310	-29,9832	
2311	-30,1128	
2312	-30,2726	
2313	-30,4853	
2314	-30,6973	
2315	-30,8577	
2316	-30,8666	
2317	-30,7095	
2318	-30,4787	
2319	-30,3261	
2320	-30,4575	
2321	-30,7134	
2322	-30,8126	
2323	-30,9035	
2324	-31,1404	
2325	-31,5851	
2326	-32,0741	
2327	-32,5692	
2328	-32,9373	
2329	-33,4049	
2330	-33,8023	
2331	-34,2205	
2332	-34,5481	
2333	-34,9233	
2334	-35,2092	
2335	-35,5952	
2336	-36,0232	
2337	-36,4289	
2338	-36,8822	
2339	-37,4002	
2340	-37,9324	
2341	-38,3769	
2342	-38,9114	
2343	-39,5835	
2344	-40,4816	
2345	-41,3432	
2346	-42,109	
2347	-42,6721	
2348	-43,6642	
2349	-44,7282	
2350	-45,6172	
2351	-46,5743	
2352	-47,8137	
2353	-49,6259	
2354	-51,4457	
2355	-53,2845	
2356	-54,7659	
2357	-53,2706	
2358	-51,0395	
2359	-49,3462	
2360	-47,3093	
2361	-45,7842	
2362	-44,7179	
2363	-43,7656	
2364	-42,8217	
2365	-41,7264	
2366	-40,6451	
2367	-39,839	
2368	-39,0201	
2369	-38,3561	
2370	-37,5424	
2371	-36,9566	
2372	-36,4035	
2373	-35,91	
2374	-35,3436	
2375	-34,8165	
2376	-34,3635	
2377	-33,8439	
2378	-33,3596	
2379	-32,9814	
2380	-32,5967	
2381	-32,1838	
2382	-31,8203	
2383	-31,4718	
2384	-31,1299	
2385	-30,7975	
2386	-30,547	
2387	-30,2038	
2388	-29,9112	
2389	-29,5791	
2390	-29,3025	
2391	-28,9709	
2392	-28,6591	
2393	-28,403	
2394	-28,0957	
2395	-27,8071	
2396	-27,5123	
2397	-27,1841	
2398	-26,8752	
2399	-26,6272	
2400	-26,3701	
2401	-26,1454	
2402	-25,8878	
2403	-25,5842	
2404	-25,2691	
2405	-24,9689	
2406	-24,7991	
2407	-24,7184	
2408	-24,5561	
2409	-24,3189	
2410	-24,1206	
2411	-23,9208	
2412	-23,7461	
2413	-23,5417	
2414	-23,3473	
2415	-23,1737	
2416	-23,0157	
2417	-22,83	
2418	-22,643	
2419	-22,4614	
2420	-22,2473	
2421	-22,03	
2422	-21,864	
2423	-21,6734	
2424	-21,471	
2425	-21,276	
2426	-21,0841	
2427	-20,8689	
2428	-20,6909	
2429	-20,5426	
2430	-20,3682	
2431	-20,1773	
2432	-20,0058	
2433	-19,8513	
2434	-19,6873	
2435	-19,5116	
2436	-19,3237	
2437	-19,1272	
2438	-18,9493	
2439	-18,7524	
2440	-18,529	
2441	-18,3197	
2442	-18,2131	
2443	-18,1017	
2444	-17,9464	
2445	-17,7552	
2446	-17,5276	
2447	-17,2751	
2448	-17,0716	
2449	-16,9141	
2450	-16,7524	
2451	-16,595	
2452	-16,4138	
2453	-16,2332	
2454	-16,0585	
2455	-15,8862	
2456	-15,7077	
2457	-15,5335	
2458	-15,3574	
2459	-15,1742	
2460	-14,9852	
2461	-14,8029	
2462	-14,615	
2463	-14,4244	
2464	-14,2199	
2465	-13,9701	
2466	-13,6863	
2467	-13,3878	
2468	-13,0775	
2469	-12,7939	
2470	-12,575	
2471	-12,4754	
2472	-12,4917	
2473	-12,476	
2474	-12,3926	
2475	-12,2693	
2476	-12,1272	
2477	-11,9627	
2478	-11,7846	
2479	-11,6179	
2480	-11,4369	
2481	-11,2339	
2482	-11,0348	
2483	-10,8332	
2484	-10,6193	
2485	-10,3765	
2486	-10,0773	
2487	-9,65569	
2488	-9,32419	
2489	-9,28143	
2490	-9,16754	
2491	-9,03706	
2492	-8,88556	
2493	-8,71154	
2494	-8,52795	
2495	-8,34537	
2496	-8,14734	
2497	-7,92941	
2498	-7,70959	
2499	-7,4726	
2500	-7,22367	
2501	-6,98109	
2502	-6,74449	
2503	-6,48145	
2504	-6,17232	
2505	-5,89341	
2506	-5,73605	
2507	-5,61266	
2508	-5,43115	
2509	-5,20957	
2510	-4,93714	
2511	-4,61971	
2512	-4,2707	
2513	-3,93889	
2514	-3,63119	
2515	-3,31733	
2516	-3,0008	
2517	-2,68386	
2518	-2,35372	
2519	-2,01499	
2520	-1,66588	
2521	-1,30429	
2522	-0,933321	
2523	-0,548457	
2524	-0,146254	
2525	0,263427	
2526	0,676678	
2527	1,10553	
2528	1,5596	
2529	2,04206	
2530	2,56624	
2531	3,11896	
2532	3,69186	
2533	4,28591	
2534	4,90421	
2535	5,56186	
2536	6,26493	
2537	7,01131	
2538	7,82135	
2539	8,70155	
2540	9,65571	
2541	10,7044	
2542	11,863	
2543	13,1403	
2544	14,5543	
2545	16,0929	
2546	17,6813	
2547	19,135	
2548	20,0696	
2549	20,0015	
2550	18,8624	
2551	17,215	
2552	15,5517	
2553	14,0546	
2554	12,7459	
2555	11,5901	
2556	10,5687	
2557	9,65512	
2558	8,82327	
2559	8,07233	
2560	7,39512	
2561	6,77295	
2562	6,19512	
2563	5,65933	
2564	5,1543	
2565	4,66765	
2566	4,20136	
2567	3,75966	
2568	3,34702	
2569	2,96145	
2570	2,59308	
2571	2,23202	
2572	1,88477	
2573	1,55941	
2574	1,25371	
2575	0,961428	
2576	0,678932	
2577	0,406606	
2578	0,146229	
2579	-0,101613	
2580	-0,338596	
2581	-0,568993	
2582	-0,788479	
2583	-1,0033	
2584	-1,21579	
2585	-1,4269	
2586	-1,63116	
2587	-1,83324	
2588	-2,03096	
2589	-2,21421	
2590	-2,37738	
2591	-2,54239	
2592	-2,71133	
2593	-2,87505	
2594	-3,03476	
2595	-3,18943	
2596	-3,34085	
2597	-3,48832	
2598	-3,63103	
2599	-3,7769	
2600	-3,91573	
2601	-4,05195	
2602	-4,18946	
2603	-4,32139	
2604	-4,45051	
2605	-4,57966	
2606	-4,70433	
2607	-4,81915	
2608	-4,93118	
2609	-5,05017	
2610	-5,16228	
2611	-5,27564	
2612	-5,38357	
2613	-5,48663	
2614	-5,58895	
2615	-5,69144	
2616	-5,79353	
2617	-5,89448	
2618	-5,98678	
2619	-6,07705	
2620	-6,16771	
2621	-6,25698	
2622	-6,34997	
2623	-6,44043	
2624	-6,52968	
2625	-6,61626	
2626	-6,70077	
2627	-6,7817	
2628	-6,85879	
2629	-6,93748	
2630	-7,01925	
2631	-7,1023	
2632	-7,18015	
2633	-7,25657	
2634	-7,33332	
2635	-7,40817	
2636	-7,48129	
2637	-7,55616	
2638	-7,62733	
2639	-7,70101	
2640	-7,77044	
2641	-7,83662	
2642	-7,90075	
2643	-7,97112	
2644	-8,03864	
2645	-8,0997	
2646	-8,16562	
2647	-8,23216	
2648	-8,29069	
2649	-8,34968	
2650	-8,40562	
2651	-8,46492	
2652	-8,5246	
2653	-8,58258	
2654	-8,64139	
2655	-8,6981	
2656	-8,75098	
2657	-8,80617	
2658	-8,86303	
2659	-8,91045	
2660	-8,96275	
2661	-9,01777	
2662	-9,07461	
2663	-9,12864	
2664	-9,1812	
2665	-9,23673	
2666	-9,28733	
2667	-9,3348	
2668	-9,38539	
2669	-9,4353	
2670	-9,48826	
2671	-9,54283	
2672	-9,58997	
2673	-9,63476	
2674	-9,68593	
2675	-9,73153	
2676	-9,77717	
2677	-9,82591	
2678	-9,8825	
2679	-9,94118	
2680	-9,99238	
2681	-10,0448	
2682	-10,0919	
2683	-10,1295	
2684	-10,1667	
2685	-10,1977	
2686	-10,2228	
2687	-10,2547	
2688	-10,2853	
2689	-10,3154	
2690	-10,3458	
2691	-10,3844	
2692	-10,4169	
2693	-10,4493	
2694	-10,4844	
2695	-10,5271	
2696	-10,5699	
2697	-10,6091	
2698	-10,6436	
2699	-10,6784	
2700	-10,7103	
2701	-10,7428	
2702	-10,7705	
2703	-10,8048	
2704	-10,8422	
2705	-10,8776	
2706	-10,9221	
2707	-10,9713	
2708	-11,049	
2709	-11,1531	
2710	-11,2498	
2711	-11,2958	
2712	-11,2396	
2713	-11,1982	
2714	-11,2005	
2715	-11,2239	
2716	-11,2506	
2717	-11,2782	
2718	-11,3094	
2719	-11,3363	
2720	-11,3652	
2721	-11,3981	
2722	-11,4241	
2723	-11,4578	
2724	-11,4858	
2725	-11,5261	
2726	-11,5618	
2727	-11,6077	
2728	-11,6589	
2729	-11,7086	
2730	-11,7681	
2731	-11,8293	
2732	-11,8653	
2733	-11,8771	
2734	-11,8621	
2735	-11,855	
2736	-11,8587	
2737	-11,8756	
2738	-11,8945	
2739	-11,9106	
2740	-11,939	
2741	-11,9653	
2742	-11,9921	
2743	-12,0164	
2744	-12,0478	
2745	-12,0854	
2746	-12,134	
2747	-12,1855	
2748	-12,2354	
2749	-12,2657	
2750	-12,2772	
2751	-12,278	
2752	-12,2735	
2753	-12,2727	
2754	-12,2873	
2755	-12,2996	
2756	-12,3181	
2757	-12,3353	
2758	-12,3438	
2759	-12,3582	
2760	-12,3764	
2761	-12,3896	
2762	-12,4066	
2763	-12,4258	
2764	-12,4427	
2765	-12,4532	
2766	-12,4772	
2767	-12,4847	
2768	-12,4833	
2769	-12,4691	
2770	-12,4599	
2771	-12,4692	
2772	-12,5054	
2773	-12,5911	
2774	-12,6989	
2775	-12,7586	
2776	-12,765	
2777	-12,7838	
2778	-12,8045	
2779	-12,816	
2780	-12,8319	
2781	-12,8541	
2782	-12,872	
2783	-12,8908	
2784	-12,9088	
2785	-12,9278	
2786	-12,9551	
2787	-12,9659	
2788	-12,9802	
2789	-12,9964	
2790	-13,0135	
2791	-13,0298	
2792	-13,0439	
2793	-13,0512	
2794	-13,0639	
2795	-13,0776	
2796	-13,0985	
2797	-13,1173	
2798	-13,1364	
2799	-13,152	
2800	-13,1739	
2801	-13,1947	
2802	-13,2138	
2803	-13,2298	
2804	-13,2504	
2805	-13,2717	
2806	-13,2904	
2807	-13,3124	
2808	-13,3287	
2809	-13,3357	
2810	-13,3425	
2811	-13,3519	
2812	-13,37	
2813	-13,3938	
2814	-13,4233	
2815	-13,4427	
2816	-13,4575	
2817	-13,4786	
2818	-13,496	
2819	-13,5043	
2820	-13,5275	
2821	-13,5406	
2822	-13,5552	
2823	-13,5723	
2824	-13,5937	
2825	-13,6126	
2826	-13,6254	
2827	-13,6472	
2828	-13,6641	
2829	-13,6744	
2830	-13,6836	
2831	-13,6867	
2832	-13,7013	
2833	-13,7118	
2834	-13,7239	
2835	-13,7372	
2836	-13,7595	
2837	-13,7742	
2838	-13,7854	
2839	-13,7992	
2840	-13,8167	
2841	-13,8277	
2842	-13,8398	
2843	-13,8583	
2844	-13,8726	
2845	-13,8826	
2846	-13,8956	
2847	-13,9123	
2848	-13,9269	
2849	-13,9408	
2850	-13,9554	
2851	-13,966	
2852	-13,9787	
2853	-14,0016	
2854	-14,0224	
2855	-14,029	
2856	-14,0438	
2857	-14,054	
2858	-14,0678	
2859	-14,082	
2860	-14,0927	
2861	-14,109	
2862	-14,1186	
2863	-14,1327	
2864	-14,1418	
2865	-14,1572	
2866	-14,1655	
2867	-14,183	
2868	-14,1929	
2869	-14,2068	
2870	-14,2201	
2871	-14,2381	
2872	-14,2495	
2873	-14,2619	
2874	-14,2775	
2875	-14,2917	
2876	-14,2969	
2877	-14,3155	
2878	-14,3253	
2879	-14,3354	
2880	-14,3486	
2881	-14,3631	
2882	-14,3831	
2883	-14,3919	
2884	-14,404	
2885	-14,4168	
2886	-14,4328	
2887	-14,4366	
2888	-14,4529	
2889	-14,4617	
2890	-14,4679	
2891	-14,473	
2892	-14,4864	
2893	-14,5001	
2894	-14,508	
2895	-14,5222	
2896	-14,5348	
2897	-14,5489	
2898	-14,5637	
2899	-14,5692	
2900	-14,5863	
2901	-14,5951	
2902	-14,6061	
2903	-14,6162	
2904	-14,6289	
2905	-14,6348	
2906	-14,6506	
2907	-14,6588	
2908	-14,6833	
2909	-14,6824	
2910	-14,6985	
2911	-14,7076	
2912	-14,7187	
2913	-14,7337	
2914	-14,7461	
2915	-14,7609	
2916	-14,7731	
2917	-14,7831	
2918	-14,7929	
2919	-14,8046	
2920	-14,8142	
2921	-14,8138	
2922	-14,8253	
2923	-14,8338	
2924	-14,8481	
2925	-14,8569	
2926	-14,8714	
2927	-14,891	
2928	-14,8912	
2929	-14,9006	
2930	-14,914	
2931	-14,9139	
2932	-14,9262	
2933	-14,9416	
2934	-14,9553	
2935	-14,9693	
2936	-14,9773	
2937	-14,9897	
2938	-14,997	
2939	-15,01	
2940	-15,0319	
2941	-15,042	
2942	-15,0518	
2943	-15,0635	
2944	-15,077	
2945	-15,0851	
2946	-15,0915	
2947	-15,1066	
2948	-15,1125	
2949	-15,1258	
2950	-15,1385	
2951	-15,1478	
2952	-15,1542	
2953	-15,1652	
2954	-15,1731	
2955	-15,1793	
2956	-15,1872	
2957	-15,1897	
2958	-15,1975	
2959	-15,2153	
2960	-15,2331	
2961	-15,2432	
2962	-15,2562	
2963	-15,2608	
2964	-15,272	
2965	-15,2802	
2966	-15,2949	
2967	-15,3057	
2968	-15,3225	
2969	-15,341	
2970	-15,3519	
2971	-15,3781	
2972	-15,3966	
2973	-15,4195	
2974	-15,457	
2975	-15,4909	
2976	-15,539	
2977	-15,6136	
2978	-15,7172	
2979	-15,8642	
2980	-16,0002	
2981	-16,0115	
2982	-15,8398	
2983	-15,675	
2984	-15,6029	
2985	-15,5711	
2986	-15,5579	
2987	-15,5466	
2988	-15,5473	
2989	-15,5419	
2990	-15,5397	
2991	-15,5465	
2992	-15,5492	
2993	-15,5489	
2994	-15,5491	
2995	-15,5632	
2996	-15,5724	
2997	-15,5933	
2998	-15,609	
2999	-15,627	
3000	-15,6432	
3001	-15,6568	
3002	-15,6743	
3003	-15,6886	
3004	-15,7033	
3005	-15,712	
3006	-15,7294	
3007	-15,7482	
3008	-15,76	
3009	-15,7933	
3010	-15,8313	
3011	-15,8561	
3012	-15,8988	
3013	-15,9481	
3014	-16,0212	
3015	-16,1092	
3016	-16,1671	
3017	-16,1675	
3018	-16,1221	
3019	-16,0767	
3020	-16,0485	
3021	-16,0312	
3022	-16,0302	
3023	-16,0352	
3024	-16,0453	
3025	-16,0646	
3026	-16,0872	
3027	-16,0964	
3028	-16,1084	
3029	-16,1359	
3030	-16,1529	
3031	-16,1772	
3032	-16,196	
3033	-16,1992	
3034	-16,1989	
3035	-16,1851	
3036	-16,1879	
3037	-16,2392	
3038	-16,3043	
3039	-16,3556	
3040	-16,4022	
3041	-16,4395	
3042	-16,4868	
3043	-16,5341	
3044	-16,5773	
3045	-16,6273	
3046	-16,6852	
3047	-16,7396	
3048	-16,7915	
3049	-16,8559	
3050	-16,9243	
3051	-16,9977	
3052	-17,0767	
3053	-17,1512	
3054	-17,2144	
3055	-17,2806	
3056	-17,3649	
3057	-17,4555	
3058	-17,575	
3059	-17,7678	
3060	-18,0165	
3061	-18,3439	
3062	-18,7087	
3063	-19,1085	
3064	-19,5749	
3065	-20,1033	
3066	-20,6669	
3067	-21,1408	
3068	-21,3111	
3069	-20,8102	
3070	-19,4491	
3071	-17,6356	
3072	-15,735	
3073	-14,0243	
3074	-12,7617	
3075	-12,1063	
3076	-11,9413	
3077	-12,0336	
3078	-12,2414	
3079	-12,4739	
3080	-12,6942	
3081	-12,8971	
3082	-13,0749	
3083	-13,2378	
3084	-13,3843	
3085	-13,5226	
3086	-13,6425	
3087	-13,7621	
3088	-13,8604	
3089	-13,9603	
3090	-14,056	
3091	-14,1325	
3092	-14,1968	
3093	-14,2544	
3094	-14,3168	
3095	-14,3724	
3096	-14,4346	
3097	-14,4878	
3098	-14,5324	
3099	-14,5756	
3100	-14,6105	
3101	-14,6415	
3102	-14,6745	
3103	-14,7181	
3104	-14,7478	
3105	-14,774	
3106	-14,8009	
3107	-14,8281	
3108	-14,8563	
3109	-14,8837	
3110	-14,904	
3111	-14,9291	
3112	-14,943	
3113	-14,9596	
3114	-14,9871	
3115	-15,0057	
3116	-15,0177	
3117	-15,0379	
3118	-15,0627	
3119	-15,0704	
3120	-15,0849	
3121	-15,0996	
3122	-15,1157	
3123	-15,1307	
3124	-15,1513	
3125	-15,1709	
3126	-15,185	
3127	-15,1927	
3128	-15,2054	
3129	-15,2237	
3130	-15,239	
3131	-15,2481	
3132	-15,2661	
3133	-15,2749	
3134	-15,2912	
3135	-15,2995	
3136	-15,3133	
3137	-15,3196	
3138	-15,3299	
3139	-15,3455	
3140	-15,363	
3141	-15,3749	
3142	-15,3793	
3143	-15,3832	
3144	-15,3895	
3145	-15,3928	
3146	-15,4028	
3147	-15,4119	
3148	-15,4232	
3149	-15,4375	
3150	-15,4431	
3151	-15,4512	
3152	-15,4647	
3153	-15,463	
3154	-15,4686	
3155	-15,4768	
3156	-15,4879	
3157	-15,4998	
3158	-15,5032	
3159	-15,5013	
3160	-15,5129	
3161	-15,5151	
3162	-15,5172	
3163	-15,5243	
3164	-15,5405	
3165	-15,5529	
3166	-15,5616	
3167	-15,5665	
3168	-15,5656	
3169	-15,5772	
3170	-15,5802	
3171	-15,5858	
3172	-15,5902	
3173	-15,5906	
3174	-15,6067	
3175	-15,6189	
3176	-15,6333	
3177	-15,6487	
3178	-15,6671	
3179	-15,7074	
3180	-15,7227	
3181	-15,7246	
3182	-15,6946	
3183	-15,6878	
3184	-15,6807	
3185	-15,6804	
3186	-15,6789	
3187	-15,6798	
3188	-15,6715	
3189	-15,675	
3190	-15,6826	
3191	-15,6889	
3192	-15,6953	
3193	-15,7003	
3194	-15,7043	
3195	-15,7107	
3196	-15,7137	
3197	-15,7102	
3198	-15,7122	
3199	-15,7279	
3200	-15,7403	
3201	-15,7412	
3202	-15,7557	
3203	-15,7462	
3204	-15,7515	
3205	-15,7498	
3206	-15,759	
3207	-15,7706	
3208	-15,7701	
3209	-15,7814	
3210	-15,7907	
3211	-15,7993	
3212	-15,7961	
3213	-15,8062	
3214	-15,8187	
3215	-15,8274	
3216	-15,8378	
3217	-15,8453	
3218	-15,8546	
3219	-15,8539	
3220	-15,8548	
3221	-15,8652	
3222	-15,8665	
3223	-15,8744	
3224	-15,8843	
3225	-15,8985	
3226	-15,9043	
3227	-15,9133	
3228	-15,9257	
3229	-15,9386	
3230	-15,9506	
3231	-15,9644	
3232	-15,9868	
3233	-16,0054	
3234	-16,014	
3235	-16,0285	
3236	-16,0493	
3237	-16,0662	
3238	-16,0846	
3239	-16,1071	
3240	-16,1446	
3241	-16,1649	
3242	-16,1927	
3243	-16,2249	
3244	-16,2689	
3245	-16,3084	
3246	-16,3645	
3247	-16,4345	
3248	-16,5012	
3249	-16,5846	
3250	-16,6918	
3251	-16,8255	
3252	-16,9595	
3253	-17,1412	
3254	-17,3516	
3255	-17,5682	
3256	-17,6928	
3257	-17,5168	
3258	-16,6678	
3259	-15,1275	
3260	-13,704	
3261	-13,2826	
3262	-13,5561	
3263	-13,8601	
3264	-14,1001	
3265	-14,3095	
3266	-14,4853	
3267	-14,6309	
3268	-14,7557	
3269	-14,8466	
3270	-14,926	
3271	-14,9773	
3272	-15,0191	
3273	-15,0444	
3274	-15,0522	
3275	-15,0383	
3276	-15,0018	
3277	-14,94	
3278	-14,9037	
3279	-14,9212	
3280	-14,9913	
3281	-15,0684	
3282	-15,1184	
3283	-15,1579	
3284	-15,1989	
3285	-15,2281	
3286	-15,2549	
3287	-15,2717	
3288	-15,294	
3289	-15,3096	
3290	-15,316	
3291	-15,3305	
3292	-15,3412	
3293	-15,3516	
3294	-15,3671	
3295	-15,3713	
3296	-15,3819	
3297	-15,3961	
3298	-15,4075	
3299	-15,4047	
3300	-15,406	
3301	-15,4089	
3302	-15,4136	
3303	-15,4196	
3304	-15,4306	
3305	-15,4365	
3306	-15,4397	
3307	-15,4523	
3308	-15,4577	
3309	-15,4701	
3310	-15,4825	
3311	-15,4912	
3312	-15,5092	
3313	-15,5293	
3314	-15,5627	
3315	-15,5916	
3316	-15,6457	
3317	-15,7152	
3318	-15,8035	
3319	-15,9005	
3320	-15,9879	
3321	-16,0059	
3322	-15,9365	
3323	-15,8272	
3324	-15,7246	
3325	-15,6434	
3326	-15,5901	
3327	-15,563	
3328	-15,531	
3329	-15,5184	
3330	-15,5081	
3331	-15,4928	
3332	-15,4854	
3333	-15,4756	
3334	-15,4706	
3335	-15,4666	
3336	-15,4626	
3337	-15,4598	
3338	-15,4595	
3339	-15,4523	
3340	-15,453	
3341	-15,4467	
3342	-15,4302	
3343	-15,4216	
3344	-15,4223	
3345	-15,4224	
3346	-15,4263	
3347	-15,431	
3348	-15,4264	
3349	-15,4224	
3350	-15,4259	
3351	-15,4195	
3352	-15,4241	
3353	-15,4181	
3354	-15,419	
3355	-15,4163	
3356	-15,4093	
3357	-15,4053	
3358	-15,407	
3359	-15,4033	
3360	-15,4012	
3361	-15,3988	
3362	-15,4039	
3363	-15,4016	
3364	-15,4011	
3365	-15,3924	
3366	-15,3848	
3367	-15,3864	
3368	-15,3873	
3369	-15,3797	
3370	-15,377	
3371	-15,3809	
3372	-15,3751	
3373	-15,3709	
3374	-15,3675	
3375	-15,3672	
3376	-15,361	
3377	-15,3568	
3378	-15,3622	
3379	-15,3539	
3380	-15,3496	
3381	-15,3442	
3382	-15,3355	
3383	-15,3388	
3384	-15,3405	
3385	-15,3402	
3386	-15,3361	
3387	-15,3309	
3388	-15,3307	
3389	-15,3174	
3390	-15,327	
3391	-15,3158	
3392	-15,3175	
3393	-15,317	
3394	-15,3063	
3395	-15,3073	
3396	-15,3065	
3397	-15,2911	
3398	-15,2958	
3399	-15,2913	
3400	-15,2888	
3401	-15,2902	
3402	-15,2871	
3403	-15,2746	
3404	-15,2672	
3405	-15,2703	
3406	-15,2528	
3407	-15,2571	
3408	-15,2625	
3409	-15,2514	
3410	-15,2532	
3411	-15,2531	
3412	-15,2502	
3413	-15,2535	
3414	-15,2418	
3415	-15,2287	
3416	-15,2289	
3417	-15,2237	
3418	-15,2218	
3419	-15,2124	
3420	-15,2076	
3421	-15,2056	
3422	-15,2019	
3423	-15,1977	
3424	-15,1971	
3425	-15,1935	
3426	-15,1919	
3427	-15,1817	
3428	-15,1781	
3429	-15,1739	
3430	-15,1697	
3431	-15,1696	
3432	-15,1658	
3433	-15,163	
3434	-15,1463	
3435	-15,1545	
3436	-15,1594	
3437	-15,1527	
3438	-15,1515	
3439	-15,1503	
3440	-15,15	
3441	-15,1526	
3442	-15,164	
3443	-15,1777	
3444	-15,1907	
3445	-15,2213	
3446	-15,2655	
3447	-15,3195	
3448	-15,3881	
3449	-15,472	
3450	-15,5048	
3451	-15,4594	
3452	-15,3468	
3453	-15,259	
3454	-15,2185	
3455	-15,1757	
3456	-15,1488	
3457	-15,1261	
3458	-15,1148	
3459	-15,1108	
3460	-15,0974	
3461	-15,0977	
3462	-15,0964	
3463	-15,0934	
3464	-15,0885	
3465	-15,1029	
3466	-15,1037	
3467	-15,1111	
3468	-15,1231	
3469	-15,1542	
3470	-15,1748	
3471	-15,2108	
3472	-15,2514	
3473	-15,3315	
3474	-15,4506	
3475	-15,6149	
3476	-15,8756	
3477	-16,2661	
3478	-16,6563	
3479	-16,1905	
3480	-14,9793	
3481	-14,5459	
3482	-14,4804	
3483	-14,4835	
3484	-14,5037	
3485	-14,4918	
3486	-14,4828	
3487	-14,494	
3488	-14,497	
3489	-14,4999	
3490	-14,5084	
3491	-14,5131	
3492	-14,5215	
3493	-14,5228	
3494	-14,5159	
3495	-14,5082	
3496	-14,5034	
3497	-14,493	
3498	-14,4834	
3499	-14,4773	
3500	-14,4663	
3501	-14,4581	
3502	-14,4631	
3503	-14,4684	
3504	-14,4658	
3505	-14,4585	
3506	-14,4447	
3507	-14,4314	
3508	-14,4206	
3509	-14,4068	
3510	-14,405	
3511	-14,4001	
3512	-14,3907	
3513	-14,3775	
3514	-14,3678	
3515	-14,3511	
3516	-14,3397	
3517	-14,3268	
3518	-14,3183	
3519	-14,3005	
3520	-14,2984	
3521	-14,2859	
3522	-14,2716	
3523	-14,2707	
3524	-14,2587	
3525	-14,2503	
3526	-14,2401	
3527	-14,2154	
3528	-14,1918	
3529	-14,1802	
3530	-14,1752	
3531	-14,1651	
3532	-14,1539	
3533	-14,1425	
3534	-14,1292	
3535	-14,1204	
3536	-14,1071	
3537	-14,0958	
3538	-14,0888	
3539	-14,0837	
3540	-14,0733	
3541	-14,0691	
3542	-14,0505	
3543	-14,0392	
3544	-14,0193	
3545	-13,9969	
3546	-13,9655	
3547	-13,9282	
3548	-13,912	
3549	-13,8954	
3550	-13,889	
3551	-13,8828	
3552	-13,8766	
3553	-13,8585	
3554	-13,8456	
3555	-13,8315	
3556	-13,823	
3557	-13,8016	
3558	-13,7955	
3559	-13,778	
3560	-13,7612	
3561	-13,761	
3562	-13,7544	
3563	-13,7495	
3564	-13,7349	
3565	-13,7075	
3566	-13,6774	
3567	-13,648	
3568	-13,6251	
3569	-13,5995	
3570	-13,5805	
3571	-13,5547	
3572	-13,5352	
3573	-13,5121	
3574	-13,4993	
3575	-13,4804	
3576	-13,4556	
3577	-13,4366	
3578	-13,4119	
3579	-13,3917	
3580	-13,3594	
3581	-13,3287	
3582	-13,2985	
3583	-13,2728	
3584	-13,2635	
3585	-13,246	
3586	-13,2248	
3587	-13,2168	
3588	-13,2153	
3589	-13,2008	
3590	-13,1858	
3591	-13,1735	
3592	-13,1536	
3593	-13,1328	
3594	-13,1199	
3595	-13,0993	
3596	-13,0854	
3597	-13,0607	
3598	-13,0378	
3599	-13,0184	
3600	-12,9987	
3601	-12,9768	
3602	-12,9471	
3603	-12,9335	
3604	-12,9222	
3605	-12,9021	
3606	-12,8755	
3607	-12,8581	
3608	-12,8379	
3609	-12,8182	
3610	-12,7935	
3611	-12,7695	
3612	-12,7427	
3613	-12,7163	
3614	-12,6927	
3615	-12,6719	
3616	-12,6426	
3617	-12,6158	
3618	-12,5878	
3619	-12,5643	
3620	-12,5435	
3621	-12,5177	
3622	-12,4942	
3623	-12,4752	
3624	-12,4535	
3625	-12,4203	
3626	-12,3921	
3627	-12,3613	
3628	-12,3264	
3629	-12,2939	
3630	-12,2589	
3631	-12,2307	
3632	-12,2017	
3633	-12,1771	
3634	-12,153	
3635	-12,1279	
3636	-12,0863	
3637	-12,0517	
3638	-12,019	
3639	-11,9935	
3640	-11,9596	
3641	-11,931	
3642	-11,8968	
3643	-11,8655	
3644	-11,8259	
3645	-11,7942	
3646	-11,7643	
3647	-11,7215	
3648	-11,6835	
3649	-11,653	
3650	-11,6171	
3651	-11,5748	
3652	-11,54	
3653	-11,5115	
3654	-11,4749	
3655	-11,4342	
3656	-11,3992	
3657	-11,3627	
3658	-11,3229	
3659	-11,2885	
3660	-11,2491	
3661	-11,2071	
3662	-11,1635	
3663	-11,1234	
3664	-11,0843	
3665	-11,0387	
3666	-10,9999	
3667	-10,9622	
3668	-10,9183	
3669	-10,8803	
3670	-10,8315	
3671	-10,7912	
3672	-10,7449	
3673	-10,7025	
3674	-10,6539	
3675	-10,5974	
3676	-10,5516	
3677	-10,4956	
3678	-10,4481	
3679	-10,404	
3680	-10,3536	
3681	-10,3053	
3682	-10,2513	
3683	-10,2069	
3684	-10,1554	
3685	-10,1059	
3686	-10,0456	
3687	-9,98629	
3688	-9,9288	
3689	-9,8686	
3690	-9,80549	
3691	-9,7457	
3692	-9,68404	
3693	-9,6213	
3694	-9,56027	
3695	-9,50229	
3696	-9,44302	
3697	-9,38505	
3698	-9,31642	
3699	-9,25807	
3700	-9,20444	
3701	-9,14885	
3702	-9,09441	
3703	-9,04543	
3704	-8,99122	
3705	-8,92687	
3706	-8,8353	
3707	-8,73636	
3708	-8,6511	
3709	-8,57383	
3710	-8,48184	
3711	-8,40173	
3712	-8,31424	
3713	-8,22926	
3714	-8,14433	
3715	-8,06047	
3716	-7,97649	
3717	-7,88869	
3718	-7,79487	
3719	-7,70432	
3720	-7,61292	
3721	-7,5174	
3722	-7,42078	
3723	-7,32699	
3724	-7,2378	
3725	-7,14046	
3726	-7,03666	
3727	-6,93113	
3728	-6,82611	
3729	-6,71848	
3730	-6,61017	
3731	-6,49442	
3732	-6,38102	
3733	-6,27178	
3734	-6,16892	
3735	-6,06983	
3736	-5,97354	
3737	-5,86928	
3738	-5,75831	
3739	-5,64543	
3740	-5,52882	
3741	-5,38563	
3742	-5,22186	
3743	-5,04352	
3744	-4,86616	
3745	-4,69402	
3746	-4,52626	
3747	-4,35806	
3748	-4,18367	
3749	-4,00117	
3750	-3,81957	
3751	-3,62118	
3752	-3,39092	
3753	-3,12111	
3754	-2,84933	
3755	-2,63541	
3756	-2,44242	
3757	-2,21823	
3758	-1,98073	
3759	-1,73654	
3760	-1,48198	
3761	-1,22605	
3762	-0,96696	
3763	-0,710682	
3764	-0,457066	
3765	-0,221592	
3766	-0,0215162	
3767	0,15913	
3768	0,350088	
3769	0,610543	
3770	1,0178	
3771	1,61902	
3772	2,33191	
3773	2,99445	
3774	3,58582	
3775	4,17654	
3776	4,78522	
3777	5,4376	
3778	6,15244	
3779	6,946	
3780	7,84557	
3781	8,86954	
3782	10,0287	
3783	11,3321	
3784	12,7919	
3785	14,4351	
3786	16,2923	
3787	18,3159	
3788	20,191	
3789	20,9667	
3790	19,4838	
3791	16,8742	
3792	14,6081	
3793	12,7508	
3794	11,1598	
3795	9,7408	
3796	8,47176	
3797	7,34396	
3798	6,34146	
3799	5,45397	
3800	4,66756	
3801	3,9505	
3802	3,27244	
3803	2,61717	
3804	1,98821	
3805	1,39955	
3806	0,855822	
3807	0,333257	
3808	-0,182584	
3809	-0,675081	
3810	-1,13793	
3811	-1,58008	
3812	-2,00227	
3813	-2,40157	
3814	-2,78812	
3815	-3,17054	
3816	-3,54253	
3817	-3,89134	
3818	-4,23449	
3819	-4,56387	
3820	-4,87065	
3821	-5,16657	
3822	-5,46145	
3823	-5,73881	
3824	-6,0173	
3825	-6,29994	
3826	-6,57494	
3827	-6,8528	
3828	-7,15385	
3829	-7,49317	
3830	-7,87045	
3831	-8,27243	
3832	-8,65897	
3833	-8,98062	
3834	-9,23796	
3835	-9,47354	
3836	-9,70775	
3837	-9,94122	
3838	-10,1651	
3839	-10,3988	
3840	-10,6365	
3841	-10,8754	
3842	-11,1372	
3843	-11,3984	
3844	-11,6672	
3845	-11,9161	
3846	-12,1325	
3847	-12,3252	
3848	-12,512	
3849	-12,6911	
3850	-12,8522	
3851	-13,0261	
3852	-13,2138	
3853	-13,4105	
3854	-13,6149	
3855	-13,7947	
3856	-13,9591	
3857	-14,1226	
3858	-14,2981	
3859	-14,479	
3860	-14,6927	
3861	-14,8833	
3862	-15,0701	
3863	-15,2602	
3864	-15,4512	
3865	-15,644	
3866	-15,8348	
3867	-16,0073	
3868	-16,1815	
3869	-16,3655	
3870	-16,5527	
3871	-16,7315	
3872	-16,9104	
3873	-17,1105	
3874	-17,291	
3875	-17,4566	
3876	-17,639	
3877	-17,8319	
3878	-18,0079	
3879	-18,1773	
3880	-18,3575	
3881	-18,525	
3882	-18,6697	
3883	-18,8356	
3884	-19,0095	
3885	-19,1795	
3886	-19,3664	
3887	-19,5485	
3888	-19,7345	
3889	-19,9209	
3890	-20,0887	
3891	-20,2636	
3892	-20,4485	
3893	-20,6319	
3894	-20,8195	
3895	-21,036	
3896	-21,2219	
3897	-21,3875	
3898	-21,5431	
3899	-21,7154	
3900	-21,9075	
3901	-22,0637	
3902	-22,2071	
3903	-22,3811	
3904	-22,5369	
3905	-22,7298	
3906	-22,9454	
3907	-23,1288	
3908	-23,3231	
3909	-23,5032	
3910	-23,7367	
3911	-23,9382	
3912	-24,1622	
3913	-24,3964	
3914	-24,6422	
3915	-24,8948	
3916	-25,1258	
3917	-25,349	
3918	-25,5879	
3919	-25,8014	
3920	-25,9796	
3921	-26,0812	
3922	-26,1703	
3923	-26,2706	
3924	-26,455	
3925	-26,6934	
3926	-26,8787	
3927	-27,1293	
3928	-27,3678	
3929	-27,669	
3930	-27,8853	
3931	-28,0954	
3932	-28,3305	
3933	-28,503	
3934	-28,6663	
3935	-28,9213	
3936	-29,1808	
3937	-29,4321	
3938	-29,6487	
3939	-29,9191	
3940	-30,1231	
3941	-30,2658	
3942	-30,4987	
3943	-30,6923	
3944	-30,9481	
3945	-31,296	
3946	-31,5099	
3947	-31,8043	
3948	-32,178	
3949	-32,6628	
3950	-33,1831	
3951	-33,6845	
3952	-34,1389	
3953	-34,5732	
3954	-34,8676	
3955	-35,1192	
3956	-35,3681	
3957	-35,7118	
3958	-36,0763	
3959	-36,623	
3960	-37,2884	
3961	-37,9571	
3962	-38,5694	
3963	-38,8555	
3964	-39,2993	
3965	-39,7248	
3966	-40,5	
3967	-41,1704	
3968	-41,6428	
3969	-41,8997	
3970	-42,2511	
3971	-42,8091	
3972	-43,2819	
3973	-43,8967	
3974	-44,5883	
3975	-45,7079	
3976	-46,4172	
3977	-46,67	
3978	-47,1855	
3979	-47,8192	
3980	-49,0968	
3981	-49,6324	
3982	-49,8912	
3983	-51,2262	
3984	-51,5052	
3985	-50,343	
3986	-48,9705	
3987	-47,3175	
3988	-46,405	
3989	-46,2176	
3990	-46,0702	
3991	-45,9354	
3992	-44,8636	
3993	-43,8062	
3994	-42,7882	
3995	-41,978	
3996	-41,5664	
3997	-41,2207	
3998	-40,9383	
3999	-40,8644	
4000	-40,691	
