Frekvenca [Hz] - Frekv. prenosna funkcija	Amplituda frekv. prenosne funkcije [m/s^2/N] - Frekv. prenosna funkcija	
0	-21,3769	
1	-22,6252	
2	-20,4448	
3	-11,0282	
4	-10,1219	
5	-13,5262	
6	-14,9077	
7	-15,6057	
8	-16,0856	
9	-16,3746	
10	-16,6047	
11	-16,6625	
12	-16,7752	
13	-16,842	
14	-16,8588	
15	-16,819	
16	-16,9284	
17	-16,9831	
18	-17,0364	
19	-17,0863	
20	-17,1234	
21	-17,1557	
22	-17,2038	
23	-17,2184	
24	-17,2408	
25	-17,2645	
26	-17,2972	
27	-17,3384	
28	-17,3804	
29	-17,4133	
30	-17,4367	
31	-17,4835	
32	-17,5347	
33	-17,5591	
34	-17,5493	
35	-17,5576	
36	-17,606	
37	-17,633	
38	-17,5894	
39	-17,464	
40	-17,3577	
41	-17,3286	
42	-17,3258	
43	-17,345	
44	-17,3881	
45	-17,4427	
46	-17,5093	
47	-17,553	
48	-17,5701	
49	-17,5294	
50	-17,468	
51	-17,4606	
52	-17,5647	
53	-17,6081	
54	-17,6293	
55	-17,6519	
56	-17,668	
57	-17,7064	
58	-17,7177	
59	-17,7345	
60	-17,7452	
61	-17,7488	
62	-17,7806	
63	-17,7957	
64	-17,8199	
65	-17,8458	
66	-17,8422	
67	-17,87	
68	-17,885	
69	-17,9138	
70	-17,944	
71	-17,9575	
72	-17,9677	
73	-17,9826	
74	-18,0047	
75	-18,0247	
76	-18,043	
77	-18,0598	
78	-18,0677	
79	-18,0878	
80	-18,1057	
81	-18,1255	
82	-18,1378	
83	-18,1452	
84	-18,1653	
85	-18,1927	
86	-18,2011	
87	-18,2231	
88	-18,237	
89	-18,2421	
90	-18,2666	
91	-18,276	
92	-18,2839	
93	-18,2953	
94	-18,3119	
95	-18,2987	
96	-18,2968	
97	-18,3153	
98	-18,3267	
99	-18,3211	
100	-18,3192	
101	-18,3262	
102	-18,3281	
103	-18,3271	
104	-18,3412	
105	-18,348	
106	-18,3473	
107	-18,3583	
108	-18,3674	
109	-18,3617	
110	-18,3711	
111	-18,3671	
112	-18,36	
113	-18,3734	
114	-18,3695	
115	-18,3798	
116	-18,3828	
117	-18,3768	
118	-18,3659	
119	-18,3688	
120	-18,3637	
121	-18,3648	
122	-18,3647	
123	-18,3562	
124	-18,3577	
125	-18,3487	
126	-18,344	
127	-18,3449	
128	-18,3429	
129	-18,337	
130	-18,327	
131	-18,3148	
132	-18,3051	
133	-18,3041	
134	-18,289	
135	-18,2815	
136	-18,2826	
137	-18,2682	
138	-18,2579	
139	-18,2499	
140	-18,2315	
141	-18,2199	
142	-18,2028	
143	-18,191	
144	-18,1732	
145	-18,159	
146	-18,1517	
147	-18,1357	
148	-18,1258	
149	-18,111	
150	-18,1026	
151	-18,0803	
152	-18,0689	
153	-18,0489	
154	-18,0379	
155	-18,0243	
156	-18,0062	
157	-17,9883	
158	-17,9647	
159	-17,942	
160	-17,9273	
161	-17,9032	
162	-17,8829	
163	-17,8612	
164	-17,8402	
165	-17,8224	
166	-17,8132	
167	-17,7898	
168	-17,7648	
169	-17,7461	
170	-17,7297	
171	-17,7056	
172	-17,6851	
173	-17,6661	
174	-17,6472	
175	-17,629	
176	-17,6064	
177	-17,5853	
178	-17,5693	
179	-17,5453	
180	-17,5305	
181	-17,5026	
182	-17,4756	
183	-17,4617	
184	-17,4371	
185	-17,4072	
186	-17,3887	
187	-17,3579	
188	-17,3488	
189	-17,3253	
190	-17,3	
191	-17,2754	
192	-17,2627	
193	-17,238	
194	-17,216	
195	-17,1907	
196	-17,163	
197	-17,148	
198	-17,1268	
199	-17,0878	
200	-17,0696	
201	-17,0495	
202	-17,0146	
203	-16,9916	
204	-16,9586	
205	-16,9362	
206	-16,9107	
207	-16,8976	
208	-16,8803	
209	-16,8633	
210	-16,8488	
211	-16,836	
212	-16,8168	
213	-16,7914	
214	-16,7759	
215	-16,7535	
216	-16,7312	
217	-16,713	
218	-16,6963	
219	-16,6638	
220	-16,6421	
221	-16,6222	
222	-16,6052	
223	-16,5746	
224	-16,5526	
225	-16,5301	
226	-16,5142	
227	-16,4924	
228	-16,4579	
229	-16,4393	
230	-16,4036	
231	-16,3578	
232	-16,3547	
233	-16,3359	
234	-16,315	
235	-16,2924	
236	-16,2655	
237	-16,2381	
238	-16,2166	
239	-16,1956	
240	-16,1738	
241	-16,1463	
242	-16,1131	
243	-16,0925	
244	-16,0581	
245	-16,0314	
246	-15,9966	
247	-15,971	
248	-15,9425	
249	-15,9123	
250	-15,8791	
251	-15,8511	
252	-15,8295	
253	-15,801	
254	-15,7761	
255	-15,737	
256	-15,7037	
257	-15,6725	
258	-15,6431	
259	-15,6068	
260	-15,5703	
261	-15,531	
262	-15,4867	
263	-15,4477	
264	-15,4064	
265	-15,3647	
266	-15,3222	
267	-15,2734	
268	-15,2233	
269	-15,1796	
270	-15,1265	
271	-15,0802	
272	-15,0246	
273	-14,9704	
274	-14,9077	
275	-14,8574	
276	-14,7876	
277	-14,7252	
278	-14,6518	
279	-14,5797	
280	-14,5075	
281	-14,4255	
282	-14,3442	
283	-14,254	
284	-14,1626	
285	-14,0615	
286	-13,9633	
287	-13,8572	
288	-13,7414	
289	-13,6163	
290	-13,4861	
291	-13,3515	
292	-13,2009	
293	-13,0403	
294	-12,867	
295	-12,6799	
296	-12,4834	
297	-12,2654	
298	-12,0247	
299	-11,7686	
300	-11,484	
301	-11,166	
302	-10,8126	
303	-10,4171	
304	-9,97071	
305	-9,46171	
306	-8,87235	
307	-8,18904	
308	-7,376	
309	-6,39216	
310	-5,16078	
311	-3,57349	
312	-1,3886	
313	1,89317	
314	7,78918	
315	12,6165	
316	3,03476	
317	-2,4439	
318	-6,25655	
319	-9,29613	
320	-11,9261	
321	-14,3178	
322	-16,5699	
323	-18,7959	
324	-21,0641	
325	-23,4178	
326	-25,9779	
327	-28,8667	
328	-32,286	
329	-36,4678	
330	-40,4341	
331	-39,3043	
332	-35,9477	
333	-33,3701	
334	-31,4505	
335	-30,0058	
336	-28,8222	
337	-27,8844	
338	-27,094	
339	-26,4155	
340	-25,8447	
341	-25,3397	
342	-24,9056	
343	-24,5112	
344	-24,1629	
345	-23,8566	
346	-23,5523	
347	-23,2925	
348	-23,0512	
349	-22,8304	
350	-22,6338	
351	-22,4473	
352	-22,2737	
353	-22,1044	
354	-21,9427	
355	-21,7978	
356	-21,6679	
357	-21,5362	
358	-21,4186	
359	-21,3034	
360	-21,1876	
361	-21,079	
362	-20,9756	
363	-20,8865	
364	-20,7956	
365	-20,715	
366	-20,6232	
367	-20,5447	
368	-20,4769	
369	-20,3946	
370	-20,3191	
371	-20,2493	
372	-20,1826	
373	-20,1298	
374	-20,0736	
375	-20,0067	
376	-19,9453	
377	-19,8913	
378	-19,8321	
379	-19,7943	
380	-19,7319	
381	-19,6783	
382	-19,6239	
383	-19,5711	
384	-19,5272	
385	-19,4796	
386	-19,424	
387	-19,3797	
388	-19,3389	
389	-19,295	
390	-19,2562	
391	-19,2128	
392	-19,1604	
393	-19,1276	
394	-19,0833	
395	-19,0394	
396	-18,9918	
397	-18,9599	
398	-18,9241	
399	-18,8811	
400	-18,8473	
401	-18,8075	
402	-18,7696	
403	-18,7324	
404	-18,6944	
405	-18,6614	
406	-18,6249	
407	-18,5753	
408	-18,5538	
409	-18,5122	
410	-18,4713	
411	-18,4387	
412	-18,4057	
413	-18,3698	
414	-18,3412	
415	-18,3172	
416	-18,2785	
417	-18,2433	
418	-18,2166	
419	-18,1776	
420	-18,1502	
421	-18,1277	
422	-18,0954	
423	-18,0638	
424	-18,0344	
425	-17,9975	
426	-17,969	
427	-17,94	
428	-17,9098	
429	-17,8816	
430	-17,8485	
431	-17,8189	
432	-17,7894	
433	-17,755	
434	-17,73	
435	-17,7022	
436	-17,6668	
437	-17,6351	
438	-17,6014	
439	-17,5784	
440	-17,547	
441	-17,5155	
442	-17,487	
443	-17,4567	
444	-17,4238	
445	-17,3958	
446	-17,3691	
447	-17,3458	
448	-17,3254	
449	-17,2941	
450	-17,2696	
451	-17,2392	
452	-17,2162	
453	-17,1911	
454	-17,1616	
455	-17,1361	
456	-17,1114	
457	-17,0884	
458	-17,0601	
459	-17,0372	
460	-17,01	
461	-16,9799	
462	-16,9524	
463	-16,9372	
464	-16,9158	
465	-16,8902	
466	-16,8704	
467	-16,8468	
468	-16,8265	
469	-16,7968	
470	-16,7745	
471	-16,7494	
472	-16,7325	
473	-16,7034	
474	-16,6841	
475	-16,6613	
476	-16,6457	
477	-16,617	
478	-16,598	
479	-16,5775	
480	-16,557	
481	-16,5313	
482	-16,5185	
483	-16,4964	
484	-16,4738	
485	-16,4506	
486	-16,4366	
487	-16,4152	
488	-16,3995	
489	-16,3778	
490	-16,3545	
491	-16,33	
492	-16,2948	
493	-16,2412	
494	-16,2049	
495	-16,2259	
496	-16,2323	
497	-16,224	
498	-16,2086	
499	-16,1943	
500	-16,1754	
501	-16,1593	
502	-16,1501	
503	-16,1383	
504	-16,1208	
505	-16,1036	
506	-16,0885	
507	-16,0694	
508	-16,0618	
509	-16,0433	
510	-16,0292	
511	-16,0122	
512	-16,0027	
513	-15,9892	
514	-15,9752	
515	-15,9587	
516	-15,9439	
517	-15,9297	
518	-15,9185	
519	-15,9026	
520	-15,8939	
521	-15,8822	
522	-15,8645	
523	-15,8501	
524	-15,835	
525	-15,8281	
526	-15,8192	
527	-15,8072	
528	-15,7893	
529	-15,7799	
530	-15,7701	
531	-15,7527	
532	-15,7461	
533	-15,7348	
534	-15,722	
535	-15,7078	
536	-15,6986	
537	-15,686	
538	-15,6741	
539	-15,6584	
540	-15,6522	
541	-15,6439	
542	-15,6305	
543	-15,6303	
544	-15,6252	
545	-15,6875	
546	-15,6226	
547	-15,5803	
548	-15,5613	
549	-15,5589	
550	-15,5429	
551	-15,5229	
552	-15,5147	
553	-15,502	
554	-15,4877	
555	-15,4784	
556	-15,4652	
557	-15,4501	
558	-15,4377	
559	-15,4291	
560	-15,4123	
561	-15,402	
562	-15,3877	
563	-15,3761	
564	-15,3617	
565	-15,3459	
566	-15,3342	
567	-15,3212	
568	-15,3052	
569	-15,2947	
570	-15,2771	
571	-15,2653	
572	-15,2491	
573	-15,2342	
574	-15,2198	
575	-15,1993	
576	-15,1861	
577	-15,1694	
578	-15,1502	
579	-15,1311	
580	-15,1151	
581	-15,0964	
582	-15,0762	
583	-15,0577	
584	-15,0414	
585	-15,0188	
586	-15,0023	
587	-14,982	
588	-14,9628	
589	-14,9398	
590	-14,9225	
591	-14,9021	
592	-14,8765	
593	-14,8522	
594	-14,8324	
595	-14,8134	
596	-14,7839	
597	-14,7521	
598	-14,7273	
599	-14,7101	
600	-14,6874	
601	-14,6607	
602	-14,6304	
603	-14,6038	
604	-14,57	
605	-14,5416	
606	-14,5106	
607	-14,4843	
608	-14,454	
609	-14,4278	
610	-14,4001	
611	-14,3685	
612	-14,3378	
613	-14,298	
614	-14,2719	
615	-14,2399	
616	-14,2074	
617	-14,1699	
618	-14,1376	
619	-14,1047	
620	-14,0713	
621	-14,0352	
622	-13,9978	
623	-13,9602	
624	-13,9286	
625	-13,8867	
626	-13,8509	
627	-13,8122	
628	-13,7725	
629	-13,7228	
630	-13,6774	
631	-13,6393	
632	-13,594	
633	-13,5236	
634	-13,6276	
635	-13,5897	
636	-13,52	
637	-13,4626	
638	-13,412	
639	-13,3658	
640	-13,3256	
641	-13,2777	
642	-13,2357	
643	-13,1908	
644	-13,1456	
645	-13,0972	
646	-13,0516	
647	-13,0066	
648	-12,962	
649	-12,9175	
650	-12,8746	
651	-12,8292	
652	-12,7861	
653	-12,74	
654	-12,6906	
655	-12,6472	
656	-12,5997	
657	-12,549	
658	-12,5056	
659	-12,4591	
660	-12,4122	
661	-12,3629	
662	-12,3134	
663	-12,2665	
664	-12,2168	
665	-12,1688	
666	-12,1171	
667	-12,0686	
668	-12,0198	
669	-11,9726	
670	-11,924	
671	-11,874	
672	-11,8242	
673	-11,775	
674	-11,7224	
675	-11,6727	
676	-11,621	
677	-11,5746	
678	-11,5208	
679	-11,4746	
680	-11,4238	
681	-11,375	
682	-11,3224	
683	-11,2704	
684	-11,2199	
685	-11,1719	
686	-11,118	
687	-11,069	
688	-11,019	
689	-10,9722	
690	-10,9233	
691	-10,8774	
692	-10,8163	
693	-10,7703	
694	-10,7152	
695	-10,6576	
696	-10,603	
697	-10,5469	
698	-10,4974	
699	-10,4449	
700	-10,3932	
701	-10,3429	
702	-10,2906	
703	-10,2407	
704	-10,1898	
705	-10,1366	
706	-10,0839	
707	-10,0333	
708	-9,98127	
709	-9,93002	
710	-9,87576	
711	-9,82455	
712	-9,77215	
713	-9,71968	
714	-9,67082	
715	-9,61511	
716	-9,56158	
717	-9,51037	
718	-9,45671	
719	-9,40548	
720	-9,35306	
721	-9,3011	
722	-9,24969	
723	-9,19174	
724	-9,14018	
725	-9,08856	
726	-9,03272	
727	-8,98098	
728	-8,92518	
729	-8,87207	
730	-8,81692	
731	-8,76006	
732	-8,70787	
733	-8,65288	
734	-8,60017	
735	-8,54729	
736	-8,49261	
737	-8,43466	
738	-8,37693	
739	-8,31957	
740	-8,26492	
741	-8,20728	
742	-8,14987	
743	-8,09464	
744	-8,0383	
745	-7,97851	
746	-7,92087	
747	-7,86203	
748	-7,80067	
749	-7,74022	
750	-7,6782	
751	-7,61659	
752	-7,559	
753	-7,49565	
754	-7,43872	
755	-7,3832	
756	-7,33026	
757	-7,27179	
758	-7,20441	
759	-7,13212	
760	-7,06567	
761	-6,99762	
762	-6,93191	
763	-6,8678	
764	-6,79717	
765	-6,72777	
766	-6,65909	
767	-6,58999	
768	-6,52161	
769	-6,44597	
770	-6,37498	
771	-6,30282	
772	-6,23019	
773	-6,15467	
774	-6,07839	
775	-6,00259	
776	-5,92355	
777	-5,84525	
778	-5,76772	
779	-5,68448	
780	-5,60018	
781	-5,51557	
782	-5,43176	
783	-5,34475	
784	-5,25751	
785	-5,16973	
786	-5,07901	
787	-4,98586	
788	-4,89351	
789	-4,79814	
790	-4,70018	
791	-4,60112	
792	-4,50006	
793	-4,39855	
794	-4,29464	
795	-4,18983	
796	-4,08224	
797	-3,97263	
798	-3,86032	
799	-3,74669	
800	-3,63163	
801	-3,51464	
802	-3,39876	
803	-3,28227	
804	-3,16876	
805	-3,06387	
806	-2,98407	
807	-2,96599	
808	-3,03509	
809	-2,82351	
810	-2,46399	
811	-2,2211	
812	-2,02703	
813	-1,84767	
814	-1,67481	
815	-1,49997	
816	-1,32467	
817	-1,14491	
818	-0,961397	
819	-0,773871	
820	-0,581018	
821	-0,381882	
822	-0,177476	
823	0,0321658	
824	0,24908	
825	0,472515	
826	0,70307	
827	0,941501	
828	1,18974	
829	1,44446	
830	1,70951	
831	1,98521	
832	2,27107	
833	2,56686	
834	2,8761	
835	3,19868	
836	3,53544	
837	3,88658	
838	4,25612	
839	4,64354	
840	5,04887	
841	5,47723	
842	5,93004	
843	6,41112	
844	6,91956	
845	7,46379	
846	8,05081	
847	8,67916	
848	9,35633	
849	10,094	
850	10,9092	
851	11,8036	
852	12,8029	
853	13,9408	
854	15,2533	
855	16,7989	
856	18,6743	
857	21,0988	
858	24,3982	
859	29,5933	
860	37,828	
861	30,4938	
862	24,7931	
863	21,3038	
864	18,7812	
865	16,8407	
866	15,2509	
867	13,911	
868	12,739	
869	11,7061	
870	10,7811	
871	9,94649	
872	9,1868	
873	8,48696	
874	7,83439	
875	7,22677	
876	6,65978	
877	6,12668	
878	5,62435	
879	5,14941	
880	4,69933	
881	4,27182	
882	3,86184	
883	3,47028	
884	3,0969	
885	2,73842	
886	2,39302	
887	2,0607	
888	1,74161	
889	1,43235	
890	1,13466	
891	0,846793	
892	0,566349	
893	0,294917	
894	0,03129	
895	-0,224251	
896	-0,473123	
897	-0,715354	
898	-0,949549	
899	-1,17941	
900	-1,40229	
901	-1,62163	
902	-1,8343	
903	-2,04373	
904	-2,24832	
905	-2,44715	
906	-2,64357	
907	-2,83378	
908	-3,0224	
909	-3,20461	
910	-3,38479	
911	-3,5633	
912	-3,73774	
913	-3,90774	
914	-4,07585	
915	-4,24121	
916	-4,4032	
917	-4,56215	
918	-4,71962	
919	-4,8764	
920	-5,02901	
921	-5,17933	
922	-5,32817	
923	-5,47489	
924	-5,61968	
925	-5,76291	
926	-5,90491	
927	-6,04449	
928	-6,18274	
929	-6,3203	
930	-6,45423	
931	-6,5884	
932	-6,71928	
933	-6,85239	
934	-6,98057	
935	-7,10911	
936	-7,23494	
937	-7,36307	
938	-7,48777	
939	-7,61127	
940	-7,73684	
941	-7,85908	
942	-7,97937	
943	-8,09967	
944	-8,22016	
945	-8,32901	
946	-8,44923	
947	-8,56635	
948	-8,68263	
949	-8,80314	
950	-8,9163	
951	-9,03119	
952	-9,14469	
953	-9,25798	
954	-9,37124	
955	-9,48254	
956	-9,59524	
957	-9,70575	
958	-9,81719	
959	-9,92822	
960	-10,037	
961	-10,1458	
962	-10,2557	
963	-10,3676	
964	-10,4776	
965	-10,5846	
966	-10,6923	
967	-10,7952	
968	-10,8988	
969	-11,0061	
970	-11,1116	
971	-11,2192	
972	-11,332	
973	-11,4395	
974	-11,5435	
975	-11,6526	
976	-11,7581	
977	-11,8653	
978	-11,9692	
979	-12,0758	
980	-12,1768	
981	-12,2866	
982	-12,3895	
983	-12,4977	
984	-12,6082	
985	-12,7154	
986	-12,8222	
987	-12,9306	
988	-13,0386	
989	-13,1484	
990	-13,2532	
991	-13,3562	
992	-13,4654	
993	-13,575	
994	-13,6809	
995	-13,7887	
996	-13,8928	
997	-14,0065	
998	-14,1146	
999	-14,2228	
1000	-14,329	
1001	-14,4333	
1002	-14,5439	
1003	-14,6557	
1004	-14,767	
1005	-14,8801	
1006	-14,99	
1007	-15,1019	
1008	-15,2131	
1009	-15,3231	
1010	-15,4396	
1011	-15,5541	
1012	-15,6761	
1013	-15,7965	
1014	-15,9168	
1015	-16,0303	
1016	-16,1244	
1017	-16,2253	
1018	-16,3339	
1019	-16,4335	
1020	-16,5418	
1021	-16,6569	
1022	-16,7676	
1023	-16,8793	
1024	-16,9963	
1025	-17,1149	
1026	-17,2244	
1027	-17,3399	
1028	-17,4581	
1029	-17,5688	
1030	-17,6944	
1031	-17,81	
1032	-17,9218	
1033	-18,0411	
1034	-18,1694	
1035	-18,2904	
1036	-18,4076	
1037	-18,5331	
1038	-18,6626	
1039	-18,8168	
1040	-18,9221	
1041	-19,0078	
1042	-19,1301	
1043	-19,2546	
1044	-19,3786	
1045	-19,4841	
1046	-19,6042	
1047	-19,7298	
1048	-19,8485	
1049	-19,9659	
1050	-20,0812	
1051	-20,2002	
1052	-20,3161	
1053	-20,4375	
1054	-20,5565	
1055	-20,6554	
1056	-20,7682	
1057	-20,8792	
1058	-20,9694	
1059	-21,0547	
1060	-21,1274	
1061	-21,193	
1062	-21,2311	
1063	-21,2191	
1064	-21,1929	
1065	-21,1548	
1066	-21,1745	
1067	-21,3322	
1068	-21,6017	
1069	-21,9057	
1070	-22,1851	
1071	-22,4228	
1072	-22,621	
1073	-22,81	
1074	-22,9842	
1075	-23,1392	
1076	-23,2883	
1077	-23,438	
1078	-23,5763	
1079	-23,7181	
1080	-23,8459	
1081	-23,9821	
1082	-24,1195	
1083	-24,2459	
1084	-24,3815	
1085	-24,5023	
1086	-24,6366	
1087	-24,7799	
1088	-24,8796	
1089	-25,0109	
1090	-25,1431	
1091	-25,277	
1092	-25,3858	
1093	-25,5092	
1094	-25,6314	
1095	-25,7505	
1096	-25,8763	
1097	-25,9827	
1098	-26,1115	
1099	-26,2424	
1100	-26,3597	
1101	-26,4853	
1102	-26,5998	
1103	-26,7095	
1104	-26,823	
1105	-26,9346	
1106	-27,0622	
1107	-27,1854	
1108	-27,3132	
1109	-27,4307	
1110	-27,5416	
1111	-27,6636	
1112	-27,7698	
1113	-27,8912	
1114	-27,9957	
1115	-28,1276	
1116	-28,2486	
1117	-28,3216	
1118	-28,4573	
1119	-28,5773	
1120	-28,7319	
1121	-28,8336	
1122	-28,92	
1123	-28,9521	
1124	-28,9755	
1125	-29,0987	
1126	-29,2388	
1127	-29,3717	
1128	-29,4797	
1129	-29,6318	
1130	-29,7301	
1131	-29,8306	
1132	-29,9581	
1133	-30,0728	
1134	-30,1717	
1135	-30,2886	
1136	-30,3501	
1137	-30,512	
1138	-30,6725	
1139	-30,7949	
1140	-30,9323	
1141	-31,0781	
1142	-31,1971	
1143	-31,3195	
1144	-31,4325	
1145	-31,622	
1146	-31,7641	
1147	-31,8939	
1148	-32,0314	
1149	-32,1733	
1150	-32,354	
1151	-32,5114	
1152	-32,609	
1153	-32,7962	
1154	-32,921	
1155	-33,0394	
1156	-33,2119	
1157	-33,4231	
1158	-33,5878	
1159	-33,7888	
1160	-33,9841	
1161	-34,1783	
1162	-34,33	
1163	-34,5578	
1164	-34,7304	
1165	-34,9433	
1166	-35,1696	
1167	-35,3802	
1168	-35,5759	
1169	-35,7953	
1170	-35,9868	
1171	-36,2134	
1172	-36,4915	
1173	-36,7171	
1174	-37,091	
1175	-39,8446	
1176	-38,54	
1177	-38,551	
1178	-38,8121	
1179	-39,1206	
1180	-39,4937	
1181	-39,8443	
1182	-40,2552	
1183	-40,7257	
1184	-41,1239	
1185	-41,5894	
1186	-42,106	
1187	-42,6735	
1188	-43,2868	
1189	-43,9166	
1190	-44,6541	
1191	-45,3114	
1192	-46,2215	
1193	-46,9822	
1194	-47,9395	
1195	-49,1042	
1196	-50,1469	
1197	-51,0161	
1198	-51,7484	
1199	-52,3142	
1200	-52,5429	
1201	-51,8824	
1202	-50,945	
1203	-50,054	
1204	-48,7439	
1205	-47,8408	
1206	-46,9768	
1207	-45,7989	
1208	-45,2318	
1209	-44,2657	
1210	-43,6438	
1211	-42,7124	
1212	-42,0276	
1213	-41,3915	
1214	-40,7101	
1215	-40,2707	
1216	-39,7483	
1217	-39,1558	
1218	-38,6876	
1219	-38,2757	
1220	-37,8257	
1221	-37,3861	
1222	-36,914	
1223	-36,558	
1224	-36,194	
1225	-35,8211	
1226	-35,4625	
1227	-35,212	
1228	-34,8169	
1229	-34,4644	
1230	-34,1494	
1231	-33,8456	
1232	-33,619	
1233	-33,2911	
1234	-33,0455	
1235	-32,787	
1236	-32,5057	
1237	-32,2494	
1238	-31,9899	
1239	-31,7408	
1240	-31,499	
1241	-31,281	
1242	-31,088	
1243	-30,828	
1244	-30,6131	
1245	-30,4233	
1246	-30,246	
1247	-30,0443	
1248	-29,8201	
1249	-29,6587	
1250	-29,4646	
1251	-29,2771	
1252	-29,1104	
1253	-28,9346	
1254	-28,7623	
1255	-28,5937	
1256	-28,4417	
1257	-28,2632	
1258	-28,0936	
1259	-27,946	
1260	-27,7842	
1261	-27,6306	
1262	-27,4937	
1263	-27,3476	
1264	-27,181	
1265	-27,0191	
1266	-26,9036	
1267	-26,76	
1268	-26,6261	
1269	-26,478	
1270	-26,3427	
1271	-26,2146	
1272	-26,0665	
1273	-25,9533	
1274	-25,823	
1275	-25,7007	
1276	-25,5722	
1277	-25,4449	
1278	-25,3356	
1279	-25,225	
1280	-25,1027	
1281	-24,9903	
1282	-24,8871	
1283	-24,7736	
1284	-24,6807	
1285	-24,5677	
1286	-24,4498	
1287	-24,3386	
1288	-24,2313	
1289	-24,0988	
1290	-23,9808	
1291	-23,852	
1292	-23,7098	
1293	-23,5396	
1294	-23,3681	
1295	-23,1909	
1296	-23,0593	
1297	-23,0187	
1298	-23,0123	
1299	-23,0003	
1300	-22,9819	
1301	-22,9469	
1302	-22,899	
1303	-22,8331	
1304	-22,7453	
1305	-22,6768	
1306	-22,6026	
1307	-22,533	
1308	-22,4561	
1309	-22,3851	
1310	-22,3195	
1311	-22,2425	
1312	-22,1692	
1313	-22,0814	
1314	-22,0095	
1315	-21,9274	
1316	-21,8647	
1317	-21,7888	
1318	-21,7224	
1319	-21,655	
1320	-21,5867	
1321	-21,499	
1322	-21,4519	
1323	-21,3711	
1324	-21,3179	
1325	-21,2619	
1326	-21,1764	
1327	-21,1196	
1328	-21,0488	
1329	-20,9794	
1330	-20,9283	
1331	-20,8711	
1332	-20,8002	
1333	-20,7334	
1334	-20,6687	
1335	-20,6215	
1336	-20,5616	
1337	-20,4955	
1338	-20,435	
1339	-20,3798	
1340	-20,326	
1341	-20,2581	
1342	-20,208	
1343	-20,1421	
1344	-20,0802	
1345	-20,0298	
1346	-19,968	
1347	-19,9131	
1348	-19,8675	
1349	-19,8143	
1350	-19,7638	
1351	-19,7149	
1352	-19,6922	
1353	-19,6933	
1354	-19,6631	
1355	-19,5475	
1356	-19,454	
1357	-19,3857	
1358	-19,331	
1359	-19,278	
1360	-19,215	
1361	-19,1683	
1362	-19,1109	
1363	-19,0637	
1364	-19,0199	
1365	-18,9595	
1366	-18,9061	
1367	-18,8449	
1368	-18,7988	
1369	-18,7477	
1370	-18,6918	
1371	-18,6447	
1372	-18,6026	
1373	-18,5527	
1374	-18,5057	
1375	-18,4464	
1376	-18,3989	
1377	-18,3562	
1378	-18,3067	
1379	-18,2577	
1380	-18,1985	
1381	-18,1611	
1382	-18,0994	
1383	-18,049	
1384	-18,0035	
1385	-17,9523	
1386	-17,9	
1387	-17,8558	
1388	-17,808	
1389	-17,754	
1390	-17,7001	
1391	-17,6435	
1392	-17,6002	
1393	-17,5419	
1394	-17,5002	
1395	-17,4488	
1396	-17,3993	
1397	-17,3503	
1398	-17,2923	
1399	-17,2478	
1400	-17,198	
1401	-17,145	
1402	-17,0815	
1403	-17,024	
1404	-16,9489	
1405	-16,9416	
1406	-17,1451	
1407	-16,9346	
1408	-16,8521	
1409	-16,7784	
1410	-16,7219	
1411	-16,6643	
1412	-16,6132	
1413	-16,5575	
1414	-16,5057	
1415	-16,457	
1416	-16,4082	
1417	-16,3566	
1418	-16,3024	
1419	-16,247	
1420	-16,1897	
1421	-16,1398	
1422	-16,0856	
1423	-16,0322	
1424	-15,9751	
1425	-15,9207	
1426	-15,8653	
1427	-15,8088	
1428	-15,7551	
1429	-15,6965	
1430	-15,6465	
1431	-15,5851	
1432	-15,5309	
1433	-15,4776	
1434	-15,4159	
1435	-15,3641	
1436	-15,3047	
1437	-15,2499	
1438	-15,1913	
1439	-15,1366	
1440	-15,0739	
1441	-15,0196	
1442	-14,9667	
1443	-14,9068	
1444	-14,8491	
1445	-14,7972	
1446	-14,732	
1447	-14,6728	
1448	-14,6149	
1449	-14,5561	
1450	-14,4934	
1451	-14,4374	
1452	-14,3744	
1453	-14,3145	
1454	-14,2511	
1455	-14,1914	
1456	-14,1319	
1457	-14,0744	
1458	-14,0061	
1459	-13,9439	
1460	-13,8846	
1461	-13,8267	
1462	-13,7593	
1463	-13,6949	
1464	-13,6316	
1465	-13,5708	
1466	-13,5059	
1467	-13,4447	
1468	-13,383	
1469	-13,3226	
1470	-13,2553	
1471	-13,1962	
1472	-13,1277	
1473	-13,0637	
1474	-13,0011	
1475	-12,936	
1476	-12,8701	
1477	-12,799	
1478	-12,7401	
1479	-12,6707	
1480	-12,6034	
1481	-12,5343	
1482	-12,4734	
1483	-12,4077	
1484	-12,3372	
1485	-12,2704	
1486	-12,2006	
1487	-12,1317	
1488	-12,0624	
1489	-11,988	
1490	-11,9412	
1491	-11,8851	
1492	-11,8127	
1493	-11,7431	
1494	-11,671	
1495	-11,6034	
1496	-11,5351	
1497	-11,4664	
1498	-11,3987	
1499	-11,3387	
1500	-11,2698	
1501	-11,1971	
1502	-11,1226	
1503	-11,0318	
1504	-10,9536	
1505	-10,8838	
1506	-10,8148	
1507	-10,754	
1508	-10,696	
1509	-10,6393	
1510	-10,5877	
1511	-10,5223	
1512	-10,4347	
1513	-10,3349	
1514	-10,2434	
1515	-10,1602	
1516	-10,0826	
1517	-10,0055	
1518	-9,92932	
1519	-9,85099	
1520	-9,77747	
1521	-9,7004	
1522	-9,62332	
1523	-9,54821	
1524	-9,4708	
1525	-9,39161	
1526	-9,31449	
1527	-9,23842	
1528	-9,16149	
1529	-9,08213	
1530	-9,00497	
1531	-8,92614	
1532	-8,84867	
1533	-8,76972	
1534	-8,68539	
1535	-8,60809	
1536	-8,52873	
1537	-8,44743	
1538	-8,36651	
1539	-8,28735	
1540	-8,20587	
1541	-8,12471	
1542	-8,04175	
1543	-7,95858	
1544	-7,87376	
1545	-7,78973	
1546	-7,70633	
1547	-7,6211	
1548	-7,53752	
1549	-7,45313	
1550	-7,36661	
1551	-7,28064	
1552	-7,19236	
1553	-7,10276	
1554	-7,01628	
1555	-6,92649	
1556	-6,83681	
1557	-6,74468	
1558	-6,64657	
1559	-6,54474	
1560	-6,44539	
1561	-6,35507	
1562	-6,26511	
1563	-6,1764	
1564	-6,08035	
1565	-5,98868	
1566	-5,90028	
1567	-5,81065	
1568	-5,7177	
1569	-5,6188	
1570	-5,51955	
1571	-5,42082	
1572	-5,31891	
1573	-5,2178	
1574	-5,12169	
1575	-5,01291	
1576	-4,90893	
1577	-4,80406	
1578	-4,69651	
1579	-4,59054	
1580	-4,48482	
1581	-4,37651	
1582	-4,26729	
1583	-4,15653	
1584	-4,04496	
1585	-3,92938	
1586	-3,81424	
1587	-3,70151	
1588	-3,58492	
1589	-3,46693	
1590	-3,34674	
1591	-3,22722	
1592	-3,10308	
1593	-2,9787	
1594	-2,85373	
1595	-2,72911	
1596	-2,60181	
1597	-2,47111	
1598	-2,33944	
1599	-2,20764	
1600	-2,07148	
1601	-1,93505	
1602	-1,79656	
1603	-1,65562	
1604	-1,51281	
1605	-1,36927	
1606	-1,22266	
1607	-1,07406	
1608	-0,922433	
1609	-0,768661	
1610	-0,613469	
1611	-0,454778	
1612	-0,293244	
1613	-0,129415	
1614	0,037396	
1615	0,206527	
1616	0,379266	
1617	0,555413	
1618	0,734531	
1619	0,916604	
1620	1,10314	
1621	1,29308	
1622	1,48725	
1623	1,68543	
1624	1,88783	
1625	2,09312	
1626	2,30327	
1627	2,51863	
1628	2,73964	
1629	2,96486	
1630	3,19701	
1631	3,4346	
1632	3,67803	
1633	3,92814	
1634	4,18566	
1635	4,45005	
1636	4,72201	
1637	5,00237	
1638	5,29227	
1639	5,59054	
1640	5,89813	
1641	6,21627	
1642	6,54598	
1643	6,88944	
1644	7,2469	
1645	7,61867	
1646	8,00661	
1647	8,41106	
1648	8,83414	
1649	9,27741	
1650	9,74362	
1651	10,2355	
1652	10,7558	
1653	11,3091	
1654	11,8992	
1655	12,5275	
1656	13,201	
1657	13,9287	
1658	14,7214	
1659	15,5907	
1660	16,5506	
1661	17,6261	
1662	18,8388	
1663	20,237	
1664	21,8801	
1665	23,8575	
1666	26,2868	
1667	29,3004	
1668	32,3583	
1669	32,2282	
1670	28,9498	
1671	25,8967	
1672	23,5201	
1673	21,6158	
1674	20,0374	
1675	18,6902	
1676	17,5192	
1677	16,4841	
1678	15,5609	
1679	14,7274	
1680	13,9686	
1681	13,2713	
1682	12,6214	
1683	12,0202	
1684	11,4619	
1685	10,9368	
1686	10,44	
1687	9,96961	
1688	9,52322	
1689	9,09995	
1690	8,69655	
1691	8,3103	
1692	7,93928	
1693	7,5806	
1694	7,22999	
1695	6,88404	
1696	6,54258	
1697	6,3292	
1698	6,12056	
1699	5,84001	
1700	5,5601	
1701	5,29123	
1702	5,03113	
1703	4,78044	
1704	4,53853	
1705	4,30417	
1706	4,07655	
1707	3,85489	
1708	3,63904	
1709	3,42912	
1710	3,22535	
1711	3,02724	
1712	2,83271	
1713	2,64228	
1714	2,45693	
1715	2,27451	
1716	2,09526	
1717	1,9176	
1718	1,73648	
1719	1,53053	
1720	1,14463	
1721	1,20888	
1722	1,1002	
1723	0,956063	
1724	0,80865	
1725	0,662939	
1726	0,518325	
1727	0,377069	
1728	0,23728	
1729	0,0993985	
1730	-0,0345711	
1731	-0,169097	
1732	-0,300399	
1733	-0,429707	
1734	-0,555427	
1735	-0,679296	
1736	-0,802078	
1737	-0,92406	
1738	-1,0436	
1739	-1,16136	
1740	-1,27652	
1741	-1,39106	
1742	-1,50304	
1743	-1,61514	
1744	-1,72392	
1745	-1,83211	
1746	-1,93863	
1747	-2,04262	
1748	-2,1477	
1749	-2,25121	
1750	-2,35184	
1751	-2,4522	
1752	-2,55157	
1753	-2,65084	
1754	-2,74681	
1755	-2,84103	
1756	-2,93511	
1757	-3,02768	
1758	-3,12013	
1759	-3,21347	
1760	-3,30283	
1761	-3,39214	
1762	-3,47949	
1763	-3,56483	
1764	-3,64832	
1765	-3,73505	
1766	-3,81952	
1767	-3,9049	
1768	-3,9864	
1769	-4,06831	
1770	-4,1503	
1771	-4,21905	
1772	-4,29138	
1773	-4,38881	
1774	-4,47167	
1775	-4,54346	
1776	-4,61645	
1777	-4,69008	
1778	-4,76377	
1779	-4,83875	
1780	-4,91357	
1781	-4,98727	
1782	-5,05808	
1783	-5,13153	
1784	-5,20183	
1785	-5,27346	
1786	-5,34348	
1787	-5,41092	
1788	-5,4795	
1789	-5,54826	
1790	-5,61412	
1791	-5,68117	
1792	-5,74705	
1793	-5,81558	
1794	-5,87747	
1795	-5,94313	
1796	-6,00755	
1797	-6,07195	
1798	-6,13376	
1799	-6,19457	
1800	-6,25597	
1801	-6,31537	
1802	-6,37745	
1803	-6,43664	
1804	-6,4963	
1805	-6,55575	
1806	-6,61411	
1807	-6,67327	
1808	-6,73284	
1809	-6,78836	
1810	-6,8445	
1811	-6,9007	
1812	-6,9578	
1813	-7,01309	
1814	-7,06603	
1815	-7,11983	
1816	-7,17627	
1817	-7,22744	
1818	-7,2824	
1819	-7,33481	
1820	-7,38861	
1821	-7,43946	
1822	-7,49337	
1823	-7,54291	
1824	-7,59271	
1825	-7,64052	
1826	-7,69179	
1827	-7,73979	
1828	-7,79041	
1829	-7,8424	
1830	-7,89184	
1831	-7,93763	
1832	-7,98538	
1833	-8,03267	
1834	-8,07743	
1835	-8,12487	
1836	-8,16954	
1837	-8,21406	
1838	-8,25828	
1839	-8,30737	
1840	-8,35326	
1841	-8,39578	
1842	-8,43787	
1843	-8,48247	
1844	-8,52548	
1845	-8,56743	
1846	-8,61093	
1847	-8,65571	
1848	-8,69564	
1849	-8,73651	
1850	-8,77704	
1851	-8,81889	
1852	-8,85791	
1853	-8,89868	
1854	-8,93988	
1855	-8,97901	
1856	-9,01927	
1857	-9,05647	
1858	-9,09409	
1859	-9,13329	
1860	-9,17283	
1861	-9,20654	
1862	-9,24708	
1863	-9,28501	
1864	-9,31806	
1865	-9,35127	
1866	-9,38594	
1867	-9,42623	
1868	-9,44821	
1869	-9,46945	
1870	-9,49148	
1871	-9,50378	
1872	-9,50538	
1873	-9,48811	
1874	-9,46233	
1875	-9,48614	
1876	-9,56564	
1877	-9,65777	
1878	-9,73641	
1879	-9,79871	
1880	-9,8482	
1881	-9,89432	
1882	-9,93727	
1883	-9,97496	
1884	-10,0168	
1885	-10,0512	
1886	-10,0851	
1887	-10,1158	
1888	-10,1499	
1889	-10,1864	
1890	-10,2195	
1891	-10,2536	
1892	-10,284	
1893	-10,316	
1894	-10,3488	
1895	-10,3791	
1896	-10,4096	
1897	-10,4409	
1898	-10,4729	
1899	-10,5026	
1900	-10,5325	
1901	-10,5652	
1902	-10,5966	
1903	-10,6245	
1904	-10,654	
1905	-10,6866	
1906	-10,7126	
1907	-10,7424	
1908	-10,7673	
1909	-10,7983	
1910	-10,8285	
1911	-10,8578	
1912	-10,8883	
1913	-10,9164	
1914	-10,944	
1915	-10,9756	
1916	-10,9974	
1917	-11,0263	
1918	-11,0576	
1919	-11,0823	
1920	-11,1064	
1921	-11,133	
1922	-11,1572	
1923	-11,1844	
1924	-11,2118	
1925	-11,2359	
1926	-11,2723	
1927	-11,3114	
1928	-11,3523	
1929	-11,3907	
1930	-11,4216	
1931	-11,4526	
1932	-11,474	
1933	-11,4947	
1934	-11,5216	
1935	-11,5499	
1936	-11,5758	
1937	-11,6031	
1938	-11,6262	
1939	-11,6507	
1940	-11,6809	
1941	-11,7132	
1942	-11,7379	
1943	-11,764	
1944	-11,7916	
1945	-11,8159	
1946	-11,8466	
1947	-11,8709	
1948	-11,899	
1949	-11,9289	
1950	-11,9625	
1951	-11,9604	
1952	-12,0003	
1953	-12,0294	
1954	-12,058	
1955	-12,0854	
1956	-12,1129	
1957	-12,138	
1958	-12,163	
1959	-12,1867	
1960	-12,2162	
1961	-12,2432	
1962	-12,2732	
1963	-12,2988	
1964	-12,3242	
1965	-12,3457	
1966	-12,3734	
1967	-12,3964	
1968	-12,4252	
1969	-12,4514	
1970	-12,4818	
1971	-12,5045	
1972	-12,5281	
1973	-12,5556	
1974	-12,5798	
1975	-12,6075	
1976	-12,6342	
1977	-12,6604	
1978	-12,6862	
1979	-12,7157	
1980	-12,743	
1981	-12,7838	
1982	-12,8299	
1983	-12,8833	
1984	-12,8849	
1985	-12,8812	
1986	-12,8988	
1987	-12,9194	
1988	-12,9444	
1989	-12,9651	
1990	-12,9877	
1991	-13,0165	
1992	-13,0447	
1993	-13,0686	
1994	-13,0925	
1995	-13,1144	
1996	-13,1433	
1997	-13,1641	
1998	-13,1891	
1999	-13,2169	
2000	-13,239	
2001	-13,2648	
2002	-13,2892	
2003	-13,3163	
2004	-13,3414	
2005	-13,3676	
2006	-13,3886	
2007	-13,4136	
2008	-13,4362	
2009	-13,4608	
2010	-13,492	
2011	-13,5148	
2012	-13,5433	
2013	-13,569	
2014	-13,5901	
2015	-13,6188	
2016	-13,6394	
2017	-13,6651	
2018	-13,6884	
2019	-13,7089	
2020	-13,7322	
2021	-13,7609	
2022	-13,7846	
2023	-13,8075	
2024	-13,8379	
2025	-13,8634	
2026	-13,8832	
2027	-13,9028	
2028	-13,9312	
2029	-13,9546	
2030	-13,9866	
2031	-14,0054	
2032	-14,0313	
2033	-14,0573	
2034	-14,0829	
2035	-14,1072	
2036	-14,068	
2037	-14,1089	
2038	-14,1377	
2039	-14,1707	
2040	-14,1968	
2041	-14,2189	
2042	-14,2379	
2043	-14,2665	
2044	-14,2913	
2045	-14,3071	
2046	-14,3214	
2047	-14,3312	
2048	-14,3558	
2049	-14,3931	
2050	-14,4256	
2051	-14,4483	
2052	-14,4716	
2053	-14,496	
2054	-14,5189	
2055	-14,5392	
2056	-14,5607	
2057	-14,5859	
2058	-14,611	
2059	-14,6305	
2060	-14,648	
2061	-14,6647	
2062	-14,6888	
2063	-14,7115	
2064	-14,7342	
2065	-14,753	
2066	-14,7758	
2067	-14,7944	
2068	-14,8137	
2069	-14,8345	
2070	-14,8526	
2071	-14,8782	
2072	-14,8947	
2073	-14,9152	
2074	-14,9318	
2075	-14,9565	
2076	-14,9774	
2077	-15,0014	
2078	-15,0189	
2079	-15,0325	
2080	-15,0583	
2081	-15,0805	
2082	-15,0981	
2083	-15,1153	
2084	-15,1313	
2085	-15,1501	
2086	-15,1668	
2087	-15,1854	
2088	-15,1974	
2089	-15,2179	
2090	-15,2404	
2091	-15,2591	
2092	-15,2749	
2093	-15,2856	
2094	-15,3024	
2095	-15,3224	
2096	-15,3416	
2097	-15,3599	
2098	-15,3806	
2099	-15,3904	
2100	-15,4121	
2101	-15,4248	
2102	-15,4481	
2103	-15,4691	
2104	-15,4889	
2105	-15,5116	
2106	-15,5313	
2107	-15,5463	
2108	-15,563	
2109	-15,5747	
2110	-15,5858	
2111	-15,6069	
2112	-15,6217	
2113	-15,6344	
2114	-15,6466	
2115	-15,6706	
2116	-15,6853	
2117	-15,7026	
2118	-15,7145	
2119	-15,7195	
2120	-15,7367	
2121	-15,7587	
2122	-15,7702	
2123	-15,7835	
2124	-15,801	
2125	-15,8144	
2126	-15,8288	
2127	-15,8477	
2128	-15,8607	
2129	-15,8864	
2130	-15,9014	
2131	-15,9159	
2132	-15,9291	
2133	-15,9413	
2134	-15,9547	
2135	-15,9726	
2136	-15,9866	
2137	-15,9989	
2138	-16,0089	
2139	-16,0316	
2140	-16,046	
2141	-16,0604	
2142	-16,0714	
2143	-16,0928	
2144	-16,1073	
2145	-16,1282	
2146	-16,1402	
2147	-16,1492	
2148	-16,1632	
2149	-16,1839	
2150	-16,1937	
2151	-16,2149	
2152	-16,2251	
2153	-16,24	
2154	-16,2605	
2155	-16,2777	
2156	-16,2875	
2157	-16,3045	
2158	-16,3227	
2159	-16,3311	
2160	-16,3488	
2161	-16,3586	
2162	-16,3741	
2163	-16,3888	
2164	-16,4038	
2165	-16,4173	
2166	-16,4358	
2167	-16,4482	
2168	-16,4709	
2169	-16,4837	
2170	-16,4951	
2171	-16,5125	
2172	-16,5298	
2173	-16,5462	
2174	-16,5596	
2175	-16,5746	
2176	-16,5912	
2177	-16,6143	
2178	-16,6267	
2179	-16,6435	
2180	-16,6652	
2181	-16,6702	
2182	-16,6897	
2183	-16,703	
2184	-16,7232	
2185	-16,7339	
2186	-16,7466	
2187	-16,7589	
2188	-16,7793	
2189	-16,7959	
2190	-16,8207	
2191	-16,849	
2192	-16,8716	
2193	-16,8872	
2194	-16,9005	
2195	-16,9165	
2196	-16,9336	
2197	-16,9494	
2198	-16,9631	
2199	-16,9801	
2200	-16,9999	
2201	-17,0115	
2202	-17,028	
2203	-17,0598	
2204	-17,0896	
2205	-17,111	
2206	-17,1344	
2207	-17,1585	
2208	-17,1811	
2209	-17,2097	
2210	-17,2287	
2211	-17,2521	
2212	-17,2603	
2213	-17,2418	
2214	-17,2078	
2215	-17,227	
2216	-17,2637	
2217	-17,3011	
2218	-17,3276	
2219	-17,3643	
2220	-17,3849	
2221	-17,4125	
2222	-17,4365	
2223	-17,4462	
2224	-17,4589	
2225	-17,4961	
2226	-17,5163	
2227	-17,5285	
2228	-17,5581	
2229	-17,5834	
2230	-17,6057	
2231	-17,6273	
2232	-17,6471	
2233	-17,6638	
2234	-17,6996	
2235	-17,7178	
2236	-17,7378	
2237	-17,7607	
2238	-17,7729	
2239	-17,7958	
2240	-17,826	
2241	-17,8488	
2242	-17,8694	
2243	-17,8893	
2244	-17,9094	
2245	-17,9437	
2246	-17,9705	
2247	-17,9863	
2248	-18,0133	
2249	-18,0372	
2250	-18,0616	
2251	-18,0837	
2252	-18,104	
2253	-18,1234	
2254	-18,1521	
2255	-18,1782	
2256	-18,2005	
2257	-18,217	
2258	-18,2466	
2259	-18,268	
2260	-18,2833	
2261	-18,3147	
2262	-18,343	
2263	-18,3695	
2264	-18,3929	
2265	-18,4113	
2266	-18,4327	
2267	-18,4606	
2268	-18,4911	
2269	-18,516	
2270	-18,5449	
2271	-18,5586	
2272	-18,5908	
2273	-18,6139	
2274	-18,6426	
2275	-18,6659	
2276	-18,6861	
2277	-18,7127	
2278	-18,7367	
2279	-18,7533	
2280	-18,7762	
2281	-18,8077	
2282	-18,8303	
2283	-18,8558	
2284	-18,8772	
2285	-18,9068	
2286	-18,9214	
2287	-18,9475	
2288	-18,9783	
2289	-18,9965	
2290	-19,0201	
2291	-19,0477	
2292	-19,079	
2293	-19,1032	
2294	-19,12	
2295	-19,1476	
2296	-19,1744	
2297	-19,2094	
2298	-19,2241	
2299	-19,2159	
2300	-19,2358	
2301	-19,2624	
2302	-19,2901	
2303	-19,3164	
2304	-19,339	
2305	-19,36	
2306	-19,3844	
2307	-19,4098	
2308	-19,4212	
2309	-19,4312	
2310	-19,4433	
2311	-19,4944	
2312	-19,553	
2313	-19,57	
2314	-19,5975	
2315	-19,6109	
2316	-19,6368	
2317	-19,6587	
2318	-19,6749	
2319	-19,7063	
2320	-19,717	
2321	-19,7442	
2322	-19,7792	
2323	-19,8117	
2324	-19,8238	
2325	-19,8405	
2326	-19,86	
2327	-19,8716	
2328	-19,9008	
2329	-19,9313	
2330	-19,943	
2331	-19,9663	
2332	-19,9831	
2333	-20,0102	
2334	-20,0258	
2335	-20,0555	
2336	-20,066	
2337	-20,0854	
2338	-20,1005	
2339	-20,139	
2340	-20,1443	
2341	-20,1694	
2342	-20,1881	
2343	-20,2052	
2344	-20,2367	
2345	-20,2651	
2346	-20,2804	
2347	-20,3079	
2348	-20,3278	
2349	-20,3515	
2350	-20,3675	
2351	-20,4078	
2352	-20,4266	
2353	-20,4536	
2354	-20,4998	
2355	-20,538	
2356	-20,5828	
2357	-20,6675	
2358	-20,7626	
2359	-20,9257	
2360	-21,2181	
2361	-21,7184	
2362	-22,2948	
2363	-22,1375	
2364	-21,5716	
2365	-21,1878	
2366	-20,9897	
2367	-20,8664	
2368	-20,8151	
2369	-20,7922	
2370	-20,7628	
2371	-20,7619	
2372	-20,7678	
2373	-20,7644	
2374	-20,772	
2375	-20,7912	
2376	-20,7777	
2377	-20,7707	
2378	-20,789	
2379	-20,7781	
2380	-20,786	
2381	-20,7803	
2382	-20,7747	
2383	-20,7821	
2384	-20,7698	
2385	-20,7731	
2386	-20,7599	
2387	-20,7356	
2388	-20,7126	
2389	-20,7003	
2390	-20,6682	
2391	-20,6363	
2392	-20,6049	
2393	-20,5625	
2394	-20,5189	
2395	-20,4724	
2396	-20,425	
2397	-20,3957	
2398	-20,4168	
2399	-20,5934	
2400	-21,0315	
2401	-22,008	
2402	-23,7341	
2403	-25,8576	
2404	-27,237	
2405	-27,2649	
2406	-26,5854	
2407	-25,8938	
2408	-25,3739	
2409	-24,94	
2410	-24,6171	
2411	-24,3864	
2412	-24,1822	
2413	-24,0209	
2414	-23,9057	
2415	-23,804	
2416	-23,7371	
2417	-23,6796	
2418	-23,6198	
2419	-23,5604	
2420	-23,5359	
2421	-23,5224	
2422	-23,535	
2423	-23,5471	
2424	-23,5594	
2425	-23,5707	
2426	-23,5772	
2427	-23,5635	
2428	-23,5911	
2429	-23,6181	
2430	-23,6458	
2431	-23,6664	
2432	-23,6994	
2433	-23,7213	
2434	-23,7461	
2435	-23,778	
2436	-23,8355	
2437	-23,8448	
2438	-23,8867	
2439	-23,9329	
2440	-23,9651	
2441	-24,0002	
2442	-24,0404	
2443	-24,0955	
2444	-24,1307	
2445	-24,1759	
2446	-24,2262	
2447	-24,2712	
2448	-24,3186	
2449	-24,3553	
2450	-24,4074	
2451	-24,4677	
2452	-24,5244	
2453	-24,5821	
2454	-24,6354	
2455	-24,6956	
2456	-24,7736	
2457	-24,8217	
2458	-24,887	
2459	-24,9485	
2460	-25,0068	
2461	-25,0765	
2462	-25,1291	
2463	-25,2219	
2464	-25,2769	
2465	-25,3139	
2466	-25,382	
2467	-25,4687	
2468	-25,5199	
2469	-25,592	
2470	-25,6373	
2471	-25,723	
2472	-25,7814	
2473	-25,8475	
2474	-25,9087	
2475	-25,931	
2476	-25,9287	
2477	-25,9855	
2478	-26,1968	
2479	-26,4221	
2480	-26,5756	
2481	-26,7045	
2482	-26,792	
2483	-26,8923	
2484	-27,007	
2485	-27,0971	
2486	-27,2376	
2487	-27,3421	
2488	-27,4636	
2489	-27,5506	
2490	-27,6819	
2491	-27,7763	
2492	-27,8924	
2493	-27,9991	
2494	-28,1378	
2495	-28,2733	
2496	-28,3985	
2497	-28,5597	
2498	-28,6837	
2499	-28,8388	
2500	-28,9597	
2501	-29,1158	
2502	-29,2403	
2503	-29,3696	
2504	-29,576	
2505	-29,7436	
2506	-29,9319	
2507	-30,0717	
2508	-30,2901	
2509	-30,4537	
2510	-30,6513	
2511	-30,8491	
2512	-31,0263	
2513	-31,248	
2514	-31,4312	
2515	-31,666	
2516	-31,8921	
2517	-32,198	
2518	-32,4853	
2519	-32,7602	
2520	-33,026	
2521	-33,2921	
2522	-33,6278	
2523	-33,9239	
2524	-34,1216	
2525	-34,1679	
2526	-33,7652	
2527	-32,4115	
2528	-29,8021	
2529	-28,7781	
2530	-30,4698	
2531	-32,1398	
2532	-33,3759	
2533	-34,2422	
2534	-35,0578	
2535	-35,6891	
2536	-36,4238	
2537	-37,0859	
2538	-37,832	
2539	-38,3567	
2540	-39,0415	
2541	-39,7309	
2542	-40,4493	
2543	-41,2646	
2544	-41,9575	
2545	-42,742	
2546	-43,7212	
2547	-44,3769	
2548	-45,1359	
2549	-46,0208	
2550	-46,5557	
2551	-46,8829	
2552	-46,6813	
2553	-46,4688	
2554	-45,8038	
2555	-45,0358	
2556	-43,9509	
2557	-42,9047	
2558	-42,2727	
2559	-41,5051	
2560	-40,6738	
2561	-39,9932	
2562	-39,3216	
2563	-38,5232	
2564	-37,8912	
2565	-37,3405	
2566	-36,7405	
2567	-36,1925	
2568	-35,5877	
2569	-35,1416	
2570	-34,6767	
2571	-34,1581	
2572	-33,7731	
2573	-33,3111	
2574	-32,889	
2575	-32,5441	
2576	-32,1742	
2577	-31,7874	
2578	-31,3927	
2579	-30,9203	
2580	-30,2754	
2581	-30,0676	
2582	-29,9383	
2583	-29,6804	
2584	-29,4145	
2585	-29,1254	
2586	-28,8466	
2587	-28,542	
2588	-28,2749	
2589	-27,9989	
2590	-27,7187	
2591	-27,4533	
2592	-27,1955	
2593	-26,9329	
2594	-26,663	
2595	-26,4239	
2596	-26,1607	
2597	-25,9338	
2598	-25,6863	
2599	-25,4264	
2600	-25,2189	
2601	-25,0076	
2602	-24,762	
2603	-24,5433	
2604	-24,2987	
2605	-24,079	
2606	-23,8598	
2607	-23,6536	
2608	-23,449	
2609	-23,2411	
2610	-23,0284	
2611	-22,8209	
2612	-22,6128	
2613	-22,3922	
2614	-22,1818	
2615	-21,9827	
2616	-21,7839	
2617	-21,5915	
2618	-21,3836	
2619	-21,1976	
2620	-21,0091	
2621	-20,8091	
2622	-20,6089	
2623	-20,4224	
2624	-20,2323	
2625	-20,0558	
2626	-19,8552	
2627	-19,6481	
2628	-19,4498	
2629	-19,2515	
2630	-19,0668	
2631	-18,8747	
2632	-18,6914	
2633	-18,508	
2634	-18,3381	
2635	-18,1389	
2636	-17,9608	
2637	-17,7758	
2638	-17,5849	
2639	-17,4012	
2640	-17,2106	
2641	-17,0282	
2642	-16,8428	
2643	-16,6475	
2644	-16,4677	
2645	-16,2839	
2646	-16,0952	
2647	-15,911	
2648	-15,7264	
2649	-15,5416	
2650	-15,3522	
2651	-15,1632	
2652	-14,9728	
2653	-14,7851	
2654	-14,5971	
2655	-14,4025	
2656	-14,2115	
2657	-14,0285	
2658	-13,8384	
2659	-13,6386	
2660	-13,4465	
2661	-13,2457	
2662	-13,0571	
2663	-12,862	
2664	-12,6649	
2665	-12,47	
2666	-12,2698	
2667	-12,0689	
2668	-11,8645	
2669	-11,6649	
2670	-11,4566	
2671	-11,2506	
2672	-11,0455	
2673	-10,8351	
2674	-10,6252	
2675	-10,4115	
2676	-10,1959	
2677	-9,97463	
2678	-9,75622	
2679	-9,53384	
2680	-9,31028	
2681	-9,08512	
2682	-8,85791	
2683	-8,62379	
2684	-8,3887	
2685	-8,15497	
2686	-7,91334	
2687	-7,66872	
2688	-7,42475	
2689	-7,17539	
2690	-6,92315	
2691	-6,66555	
2692	-6,40593	
2693	-6,14023	
2694	-5,87044	
2695	-5,59394	
2696	-5,31511	
2697	-5,02989	
2698	-4,73933	
2699	-4,44081	
2700	-4,13875	
2701	-3,83012	
2702	-3,51452	
2703	-3,19164	
2704	-2,85985	
2705	-2,51977	
2706	-2,1699	
2707	-1,80882	
2708	-1,43732	
2709	-1,05685	
2710	-0,662411	
2711	-0,254065	
2712	0,170206	
2713	0,60825	
2714	1,06346	
2715	1,53562	
2716	2,03058	
2717	2,54939	
2718	3,09367	
2719	3,66801	
2720	4,27486	
2721	4,91738	
2722	5,60152	
2723	6,33404	
2724	7,12225	
2725	7,97344	
2726	8,89755	
2727	9,90813	
2728	11,0263	
2729	12,2718	
2730	13,6685	
2731	15,2336	
2732	16,9516	
2733	18,7084	
2734	20,1292	
2735	20,545	
2736	19,6839	
2737	18,1033	
2738	16,3957	
2739	14,8144	
2740	13,4121	
2741	12,1759	
2742	11,0817	
2743	10,1062	
2744	9,23058	
2745	8,43789	
2746	7,71545	
2747	7,05068	
2748	6,43488	
2749	5,85867	
2750	5,33194	
2751	4,83493	
2752	4,36731	
2753	3,93066	
2754	3,51863	
2755	3,12658	
2756	2,75435	
2757	2,40165	
2758	2,0657	
2759	1,74711	
2760	1,44151	
2761	1,14467	
2762	0,860172	
2763	0,588239	
2764	0,327669	
2765	0,0792033	
2766	-0,163663	
2767	-0,398871	
2768	-0,623832	
2769	-0,843299	
2770	-1,05316	
2771	-1,25915	
2772	-1,45814	
2773	-1,64921	
2774	-1,83539	
2775	-2,01671	
2776	-2,19393	
2777	-2,36634	
2778	-2,53064	
2779	-2,69446	
2780	-2,85117	
2781	-3,0076	
2782	-3,1573	
2783	-3,30361	
2784	-3,44756	
2785	-3,58677	
2786	-3,72353	
2787	-3,85824	
2788	-3,9906	
2789	-4,1158	
2790	-4,23999	
2791	-4,36427	
2792	-4,48157	
2793	-4,59757	
2794	-4,71197	
2795	-4,82294	
2796	-4,93464	
2797	-5,04595	
2798	-5,15185	
2799	-5,25757	
2800	-5,36325	
2801	-5,46427	
2802	-5,56927	
2803	-5,66845	
2804	-5,76811	
2805	-5,86723	
2806	-5,96388	
2807	-6,05136	
2808	-6,13443	
2809	-6,21013	
2810	-6,28836	
2811	-6,36549	
2812	-6,44064	
2813	-6,51987	
2814	-6,59786	
2815	-6,6719	
2816	-6,7451	
2817	-6,8226	
2818	-6,89727	
2819	-6,96736	
2820	-7,0371	
2821	-7,11012	
2822	-7,18014	
2823	-7,25018	
2824	-7,31691	
2825	-7,38232	
2826	-7,4461	
2827	-7,51347	
2828	-7,57855	
2829	-7,64294	
2830	-7,70321	
2831	-7,76395	
2832	-7,82388	
2833	-7,88353	
2834	-7,94288	
2835	-7,99844	
2836	-8,05685	
2837	-8,11711	
2838	-8,17499	
2839	-8,23233	
2840	-8,28592	
2841	-8,34011	
2842	-8,40229	
2843	-8,46548	
2844	-8,47537	
2845	-8,50469	
2846	-8,55429	
2847	-8,60471	
2848	-8,65577	
2849	-8,70694	
2850	-8,75328	
2851	-8,80614	
2852	-8,85364	
2853	-8,89806	
2854	-8,94102	
2855	-8,96872	
2856	-8,98627	
2857	-9,0493	
2858	-9,11234	
2859	-9,15587	
2860	-9,19816	
2861	-9,24045	
2862	-9,2848	
2863	-9,3257	
2864	-9,36554	
2865	-9,40338	
2866	-9,44403	
2867	-9,48352	
2868	-9,5235	
2869	-9,5611	
2870	-9,59577	
2871	-9,62899	
2872	-9,66815	
2873	-9,70535	
2874	-9,73952	
2875	-9,77534	
2876	-9,80916	
2877	-9,84686	
2878	-9,8827	
2879	-9,91803	
2880	-9,95191	
2881	-9,98407	
2882	-10,0132	
2883	-10,0452	
2884	-10,0781	
2885	-10,1119	
2886	-10,1449	
2887	-10,1754	
2888	-10,2071	
2889	-10,2362	
2890	-10,2681	
2891	-10,2972	
2892	-10,3288	
2893	-10,3589	
2894	-10,3915	
2895	-10,4177	
2896	-10,452	
2897	-10,4756	
2898	-10,5023	
2899	-10,5281	
2900	-10,557	
2901	-10,5855	
2902	-10,606	
2903	-10,6325	
2904	-10,665	
2905	-10,6888	
2906	-10,7157	
2907	-10,744	
2908	-10,7674	
2909	-10,7974	
2910	-10,8234	
2911	-10,8514	
2912	-10,873	
2913	-10,8986	
2914	-10,9197	
2915	-10,9442	
2916	-10,9694	
2917	-10,9975	
2918	-11,0204	
2919	-11,0428	
2920	-11,067	
2921	-11,0908	
2922	-11,1129	
2923	-11,1366	
2924	-11,1571	
2925	-11,1811	
2926	-11,2008	
2927	-11,2254	
2928	-11,2529	
2929	-11,2731	
2930	-11,2935	
2931	-11,3144	
2932	-11,3341	
2933	-11,3529	
2934	-11,3742	
2935	-11,3986	
2936	-11,4239	
2937	-11,4443	
2938	-11,4612	
2939	-11,4844	
2940	-11,5042	
2941	-11,5224	
2942	-11,5399	
2943	-11,5597	
2944	-11,5808	
2945	-11,5978	
2946	-11,6232	
2947	-11,6454	
2948	-11,6599	
2949	-11,686	
2950	-11,7023	
2951	-11,723	
2952	-11,7423	
2953	-11,7636	
2954	-11,7787	
2955	-11,7954	
2956	-11,8158	
2957	-11,834	
2958	-11,8549	
2959	-11,8773	
2960	-11,897	
2961	-11,9159	
2962	-11,9362	
2963	-11,9539	
2964	-11,9724	
2965	-11,9898	
2966	-12,0066	
2967	-12,0234	
2968	-12,0361	
2969	-12,0532	
2970	-12,069	
2971	-12,086	
2972	-12,1066	
2973	-12,1225	
2974	-12,1363	
2975	-12,1523	
2976	-12,1705	
2977	-12,1844	
2978	-12,2021	
2979	-12,2152	
2980	-12,2376	
2981	-12,2527	
2982	-12,2694	
2983	-12,286	
2984	-12,3039	
2985	-12,319	
2986	-12,3328	
2987	-12,3488	
2988	-12,3665	
2989	-12,3847	
2990	-12,4015	
2991	-12,4152	
2992	-12,4349	
2993	-12,4493	
2994	-12,4602	
2995	-12,4756	
2996	-12,4847	
2997	-12,4985	
2998	-12,5082	
2999	-12,5222	
3000	-12,5401	
3001	-12,552	
3002	-12,569	
3003	-12,5812	
3004	-12,6029	
3005	-12,6134	
3006	-12,624	
3007	-12,6388	
3008	-12,6564	
3009	-12,6673	
3010	-12,6774	
3011	-12,6844	
3012	-12,7044	
3013	-12,7242	
3014	-12,7535	
3015	-12,7785	
3016	-12,7962	
3017	-12,8114	
3018	-12,82	
3019	-12,83	
3020	-12,841	
3021	-12,8466	
3022	-12,8601	
3023	-12,8745	
3024	-12,8883	
3025	-12,9066	
3026	-12,9211	
3027	-12,9325	
3028	-12,9395	
3029	-12,953	
3030	-12,9642	
3031	-12,9883	
3032	-12,9976	
3033	-13,0042	
3034	-13,0154	
3035	-13,0302	
3036	-13,041	
3037	-13,0523	
3038	-13,0634	
3039	-13,0688	
3040	-13,0906	
3041	-13,095	
3042	-13,1056	
3043	-13,1228	
3044	-13,1343	
3045	-13,1479	
3046	-13,1583	
3047	-13,1734	
3048	-13,1914	
3049	-13,2037	
3050	-13,217	
3051	-13,2202	
3052	-13,2269	
3053	-13,2369	
3054	-13,2474	
3055	-13,2502	
3056	-13,2622	
3057	-13,2686	
3058	-13,2803	
3059	-13,2933	
3060	-13,3035	
3061	-13,3121	
3062	-13,3218	
3063	-13,325	
3064	-13,3356	
3065	-13,3474	
3066	-13,3537	
3067	-13,3658	
3068	-13,3664	
3069	-13,3812	
3070	-13,3871	
3071	-13,3995	
3072	-13,411	
3073	-13,4246	
3074	-13,4277	
3075	-13,4388	
3076	-13,4424	
3077	-13,4515	
3078	-13,4625	
3079	-13,4652	
3080	-13,4719	
3081	-13,4778	
3082	-13,4789	
3083	-13,4898	
3084	-13,4983	
3085	-13,5035	
3086	-13,5141	
3087	-13,5173	
3088	-13,527	
3089	-13,5364	
3090	-13,5386	
3091	-13,5498	
3092	-13,5493	
3093	-13,56	
3094	-13,5639	
3095	-13,5727	
3096	-13,5718	
3097	-13,5824	
3098	-13,5869	
3099	-13,5978	
3100	-13,597	
3101	-13,6041	
3102	-13,6119	
3103	-13,6244	
3104	-13,6232	
3105	-13,6302	
3106	-13,6371	
3107	-13,6469	
3108	-13,6517	
3109	-13,657	
3110	-13,6632	
3111	-13,6659	
3112	-13,6724	
3113	-13,6707	
3114	-13,6828	
3115	-13,6914	
3116	-13,6972	
3117	-13,7062	
3118	-13,7092	
3119	-13,7149	
3120	-13,7051	
3121	-13,7106	
3122	-13,7109	
3123	-13,7151	
3124	-13,7217	
3125	-13,7293	
3126	-13,7326	
3127	-13,7348	
3128	-13,7372	
3129	-13,736	
3130	-13,7409	
3131	-13,7502	
3132	-13,7517	
3133	-13,7541	
3134	-13,7581	
3135	-13,7689	
3136	-13,77	
3137	-13,7747	
3138	-13,7753	
3139	-13,7773	
3140	-13,7815	
3141	-13,7853	
3142	-13,7904	
3143	-13,7944	
3144	-13,7981	
3145	-13,8012	
3146	-13,8067	
3147	-13,8047	
3148	-13,8113	
3149	-13,8187	
3150	-13,8243	
3151	-13,8256	
3152	-13,831	
3153	-13,8384	
3154	-13,8419	
3155	-13,8396	
3156	-13,842	
3157	-13,846	
3158	-13,8537	
3159	-13,8642	
3160	-13,8679	
3161	-13,8725	
3162	-13,8799	
3163	-13,8906	
3164	-13,907	
3165	-13,9219	
3166	-13,9398	
3167	-13,9854	
3168	-14,0645	
3169	-14,2583	
3170	-14,7462	
3171	-14,9155	
3172	-14,332	
3173	-14,0937	
3174	-14,0039	
3175	-13,9592	
3176	-13,9387	
3177	-13,9324	
3178	-13,9344	
3179	-13,9324	
3180	-13,9384	
3181	-13,9444	
3182	-13,9448	
3183	-13,9453	
3184	-13,9482	
3185	-13,9511	
3186	-13,9565	
3187	-13,9616	
3188	-13,9569	
3189	-13,9605	
3190	-13,9679	
3191	-13,9687	
3192	-13,9683	
3193	-13,9745	
3194	-13,9809	
3195	-13,9866	
3196	-13,9815	
3197	-13,9924	
3198	-13,9934	
3199	-13,9995	
3200	-14,0001	
3201	-13,9981	
3202	-14,0059	
3203	-14,0148	
3204	-14,0137	
3205	-14,0213	
3206	-14,0304	
3207	-14,0325	
3208	-14,0364	
3209	-14,0373	
3210	-14,0476	
3211	-14,0516	
3212	-14,0461	
3213	-14,048	
3214	-14,0518	
3215	-14,0648	
3216	-14,073	
3217	-14,0754	
3218	-14,0785	
3219	-14,0821	
3220	-14,0781	
3221	-14,0811	
3222	-14,0763	
3223	-14,0052	
3224	-13,9082	
3225	-13,819	
3226	-13,8411	
3227	-13,9224	
3228	-13,9791	
3229	-14,0216	
3230	-14,0438	
3231	-14,0703	
3232	-14,0729	
3233	-14,0962	
3234	-14,1101	
3235	-14,1103	
3236	-14,1238	
3237	-14,1298	
3238	-14,1365	
3239	-14,1457	
3240	-14,1506	
3241	-14,1539	
3242	-14,1684	
3243	-14,1644	
3244	-14,1725	
3245	-14,1783	
3246	-14,1816	
3247	-14,1878	
3248	-14,1921	
3249	-14,2	
3250	-14,1985	
3251	-14,2004	
3252	-14,2121	
3253	-14,2171	
3254	-14,2253	
3255	-14,2252	
3256	-14,2317	
3257	-14,2337	
3258	-14,2417	
3259	-14,2372	
3260	-14,2473	
3261	-14,248	
3262	-14,2563	
3263	-14,2593	
3264	-14,256	
3265	-14,2546	
3266	-14,2666	
3267	-14,2774	
3268	-14,2801	
3269	-14,2794	
3270	-14,2864	
3271	-14,2946	
3272	-14,2854	
3273	-14,2896	
3274	-14,295	
3275	-14,2912	
3276	-14,3002	
3277	-14,2996	
3278	-14,3083	
3279	-14,3125	
3280	-14,3272	
3281	-14,343	
3282	-14,3511	
3283	-14,3542	
3284	-14,3551	
3285	-14,3516	
3286	-14,3517	
3287	-14,3502	
3288	-14,3442	
3289	-14,3461	
3290	-14,3564	
3291	-14,3516	
3292	-14,3599	
3293	-14,3646	
3294	-14,3632	
3295	-14,3698	
3296	-14,3744	
3297	-14,3776	
3298	-14,3809	
3299	-14,3841	
3300	-14,3894	
3301	-14,392	
3302	-14,3905	
3303	-14,3836	
3304	-14,3924	
3305	-14,4004	
3306	-14,3957	
3307	-14,3948	
3308	-14,398	
3309	-14,3982	
3310	-14,3999	
3311	-14,4009	
3312	-14,4004	
3313	-14,3991	
3314	-14,4036	
3315	-14,4049	
3316	-14,4063	
3317	-14,4089	
3318	-14,4175	
3319	-14,4181	
3320	-14,425	
3321	-14,429	
3322	-14,4264	
3323	-14,4218	
3324	-14,4288	
3325	-14,4367	
3326	-14,4461	
3327	-14,4608	
3328	-14,4831	
3329	-14,4926	
3330	-14,5221	
3331	-14,5613	
3332	-14,6303	
3333	-14,7336	
3334	-14,9062	
3335	-15,2037	
3336	-15,634	
3337	-15,8458	
3338	-15,4933	
3339	-15,0732	
3340	-14,8137	
3341	-14,6693	
3342	-14,5765	
3343	-14,5285	
3344	-14,5001	
3345	-14,4696	
3346	-14,4456	
3347	-14,4305	
3348	-14,4218	
3349	-14,4102	
3350	-14,4043	
3351	-14,4021	
3352	-14,3954	
3353	-14,3907	
3354	-14,377	
3355	-14,3765	
3356	-14,3778	
3357	-14,3762	
3358	-14,373	
3359	-14,3643	
3360	-14,3648	
3361	-14,3593	
3362	-14,3635	
3363	-14,3553	
3364	-14,3503	
3365	-14,3503	
3366	-14,3476	
3367	-14,3464	
3368	-14,3382	
3369	-14,3356	
3370	-14,3407	
3371	-14,3402	
3372	-14,3302	
3373	-14,3274	
3374	-14,3329	
3375	-14,3315	
3376	-14,3271	
3377	-14,3248	
3378	-14,3178	
3379	-14,3086	
3380	-14,3109	
3381	-14,31	
3382	-14,3085	
3383	-14,3042	
3384	-14,3033	
3385	-14,3095	
3386	-14,3176	
3387	-14,335	
3388	-14,3521	
3389	-14,2917	
3390	-14,2212	
3391	-14,2187	
3392	-14,2253	
3393	-14,2272	
3394	-14,2268	
3395	-14,2319	
3396	-14,2369	
3397	-14,2366	
3398	-14,2232	
3399	-14,2313	
3400	-14,2248	
3401	-14,2175	
3402	-14,2078	
3403	-14,2054	
3404	-14,2083	
3405	-14,2052	
3406	-14,206	
3407	-14,205	
3408	-14,2006	
3409	-14,1975	
3410	-14,1972	
3411	-14,1964	
3412	-14,1905	
3413	-14,1906	
3414	-14,1921	
3415	-14,1856	
3416	-14,1822	
3417	-14,1834	
3418	-14,1808	
3419	-14,1775	
3420	-14,1741	
3421	-14,1718	
3422	-14,1698	
3423	-14,1643	
3424	-14,1623	
3425	-14,1708	
3426	-14,1595	
3427	-14,156	
3428	-14,1543	
3429	-14,1498	
3430	-14,1459	
3431	-14,1483	
3432	-14,1468	
3433	-14,1507	
3434	-14,1512	
3435	-14,1469	
3436	-14,1433	
3437	-14,1407	
3438	-14,1382	
3439	-14,1298	
3440	-14,1324	
3441	-14,1248	
3442	-14,1235	
3443	-14,1188	
3444	-14,1228	
3445	-14,1163	
3446	-14,1165	
3447	-14,1156	
3448	-14,1103	
3449	-14,1114	
3450	-14,1099	
3451	-14,1019	
3452	-14,1065	
3453	-14,1001	
3454	-14,1004	
3455	-14,1008	
3456	-14,0946	
3457	-14,0979	
3458	-14,0958	
3459	-14,0932	
3460	-14,0877	
3461	-14,0825	
3462	-14,0827	
3463	-14,077	
3464	-14,0898	
3465	-14,08	
3466	-14,077	
3467	-14,0699	
3468	-14,0682	
3469	-14,0742	
3470	-14,0664	
3471	-14,0679	
3472	-14,0756	
3473	-14,0641	
3474	-14,0642	
3475	-14,0621	
3476	-14,0543	
3477	-14,05	
3478	-14,051	
3479	-14,0482	
3480	-14,05	
3481	-14,0433	
3482	-14,0402	
3483	-14,0465	
3484	-14,0331	
3485	-14,0423	
3486	-14,0857	
3487	-14,0839	
3488	-14,0708	
3489	-14,0661	
3490	-14,0587	
3491	-14,0551	
3492	-14,0494	
3493	-14,0449	
3494	-14,0428	
3495	-14,0359	
3496	-14,0323	
3497	-14,0337	
3498	-14,0264	
3499	-14,029	
3500	-14,029	
3501	-14,0258	
3502	-14,0243	
3503	-14,012	
3504	-14,0123	
3505	-14,0093	
3506	-14,0001	
3507	-14,0082	
3508	-14,0068	
3509	-14,0037	
3510	-13,992	
3511	-13,9897	
3512	-13,9865	
3513	-13,9874	
3514	-13,9867	
3515	-13,9836	
3516	-13,9831	
3517	-13,979	
3518	-13,969	
3519	-13,9648	
3520	-13,9631	
3521	-13,954	
3522	-13,957	
3523	-13,956	
3524	-13,9498	
3525	-13,9416	
3526	-13,942	
3527	-13,9359	
3528	-13,9289	
3529	-13,9347	
3530	-13,9293	
3531	-13,915	
3532	-13,9161	
3533	-13,908	
3534	-13,8988	
3535	-13,8922	
3536	-13,8881	
3537	-13,8759	
3538	-13,8644	
3539	-13,8598	
3540	-13,8499	
3541	-13,8441	
3542	-13,8456	
3543	-13,8714	
3544	-13,8946	
3545	-13,9158	
3546	-13,933	
3547	-13,9317	
3548	-13,9295	
3549	-13,9166	
3550	-13,9053	
3551	-13,9	
3552	-13,8969	
3553	-13,8947	
3554	-13,8859	
3555	-13,8835	
3556	-13,8673	
3557	-13,8574	
3558	-13,8531	
3559	-13,8479	
3560	-13,8395	
3561	-13,8353	
3562	-13,8309	
3563	-13,8204	
3564	-13,8215	
3565	-13,8104	
3566	-13,8097	
3567	-13,8003	
3568	-13,7972	
3569	-13,7876	
3570	-13,776	
3571	-13,7694	
3572	-13,7699	
3573	-13,7634	
3574	-13,7542	
3575	-13,7509	
3576	-13,7466	
3577	-13,739	
3578	-13,7325	
3579	-13,7306	
3580	-13,7265	
3581	-13,7149	
3582	-13,7129	
3583	-13,711	
3584	-13,7082	
3585	-13,7024	
3586	-13,705	
3587	-13,7087	
3588	-13,7167	
3589	-13,7447	
3590	-13,7617	
3591	-13,8079	
3592	-13,889	
3593	-14,0049	
3594	-14,1599	
3595	-14,2105	
3596	-14,0894	
3597	-13,9254	
3598	-13,7973	
3599	-13,7194	
3600	-13,6667	
3601	-13,6281	
3602	-13,6079	
3603	-13,5769	
3604	-13,554	
3605	-13,5416	
3606	-13,5296	
3607	-13,5148	
3608	-13,491	
3609	-13,4805	
3610	-13,4742	
3611	-13,4632	
3612	-13,4567	
3613	-13,4456	
3614	-13,4301	
3615	-13,4249	
3616	-13,4146	
3617	-13,4067	
3618	-13,4002	
3619	-13,381	
3620	-13,373	
3621	-13,3577	
3622	-13,3468	
3623	-13,336	
3624	-13,3304	
3625	-13,3227	
3626	-13,3052	
3627	-13,294	
3628	-13,28	
3629	-13,2687	
3630	-13,2608	
3631	-13,2579	
3632	-13,245	
3633	-13,236	
3634	-13,2269	
3635	-13,2089	
3636	-13,2057	
3637	-13,1944	
3638	-13,1864	
3639	-13,1813	
3640	-13,163	
3641	-13,1559	
3642	-13,136	
3643	-13,1257	
3644	-13,1164	
3645	-13,1082	
3646	-13,0911	
3647	-13,0788	
3648	-13,0709	
3649	-13,0722	
3650	-13,0591	
3651	-13,0569	
3652	-13,0502	
3653	-13,0363	
3654	-13,0138	
3655	-13,0085	
3656	-12,9951	
3657	-12,977	
3658	-12,9629	
3659	-12,9564	
3660	-12,9434	
3661	-12,9386	
3662	-12,9262	
3663	-12,9175	
3664	-12,9039	
3665	-12,8837	
3666	-12,8734	
3667	-12,8527	
3668	-12,8388	
3669	-12,8337	
3670	-12,8261	
3671	-12,8154	
3672	-12,7983	
3673	-12,793	
3674	-12,771	
3675	-12,7615	
3676	-12,7535	
3677	-12,7397	
3678	-12,7282	
3679	-12,723	
3680	-12,7121	
3681	-12,7004	
3682	-12,6898	
3683	-12,677	
3684	-12,6632	
3685	-12,6532	
3686	-12,6433	
3687	-12,6315	
3688	-12,6163	
3689	-12,6029	
3690	-12,5898	
3691	-12,5795	
3692	-12,5739	
3693	-12,5617	
3694	-12,5489	
3695	-12,5365	
3696	-12,53	
3697	-12,5167	
3698	-12,5069	
3699	-12,4905	
3700	-12,4738	
3701	-12,463	
3702	-12,4502	
3703	-12,4381	
3704	-12,4287	
3705	-12,4174	
3706	-12,4064	
3707	-12,3913	
3708	-12,3837	
3709	-12,3692	
3710	-12,3554	
3711	-12,3468	
3712	-12,3416	
3713	-12,3255	
3714	-12,3231	
3715	-12,3237	
3716	-12,3315	
3717	-12,3062	
3718	-12,2786	
3719	-12,262	
3720	-12,2507	
3721	-12,2372	
3722	-12,2212	
3723	-12,207	
3724	-12,1915	
3725	-12,183	
3726	-12,1637	
3727	-12,1566	
3728	-12,1448	
3729	-12,1299	
3730	-12,1169	
3731	-12,1126	
3732	-12,0943	
3733	-12,0763	
3734	-12,0703	
3735	-12,0528	
3736	-12,0404	
3737	-12,0289	
3738	-12,0119	
3739	-12,0056	
3740	-11,9891	
3741	-11,9821	
3742	-11,9663	
3743	-11,9571	
3744	-11,9431	
3745	-11,9215	
3746	-11,907	
3747	-11,8934	
3748	-11,8816	
3749	-11,8686	
3750	-11,8641	
3751	-11,8479	
3752	-11,8219	
3753	-11,8136	
3754	-11,8063	
3755	-11,8102	
3756	-11,766	
3757	-11,7506	
3758	-11,7417	
3759	-11,7333	
3760	-11,7143	
3761	-11,7074	
3762	-11,6896	
3763	-11,6729	
3764	-11,6535	
3765	-11,6332	
3766	-11,622	
3767	-11,6023	
3768	-11,576	
3769	-11,5593	
3770	-11,5444	
3771	-11,5242	
3772	-11,517	
3773	-11,4984	
3774	-11,4797	
3775	-11,4613	
3776	-11,4498	
3777	-11,4321	
3778	-11,4191	
3779	-11,4006	
3780	-11,3841	
3781	-11,3627	
3782	-11,3495	
3783	-11,3282	
3784	-11,3139	
3785	-11,3009	
3786	-11,2819	
3787	-11,2591	
3788	-11,2416	
3789	-11,2247	
3790	-11,1992	
3791	-11,1788	
3792	-11,1588	
3793	-11,1397	
3794	-11,1233	
3795	-11,0935	
3796	-11,0766	
3797	-11,0574	
3798	-11,0444	
3799	-11,0223	
3800	-11,002	
3801	-10,9844	
3802	-10,9658	
3803	-10,9422	
3804	-10,9226	
3805	-10,9036	
3806	-10,8858	
3807	-10,8664	
3808	-10,8435	
3809	-10,824	
3810	-10,7944	
3811	-10,7761	
3812	-10,7523	
3813	-10,7286	
3814	-10,701	
3815	-10,6766	
3816	-10,6516	
3817	-10,6289	
3818	-10,6016	
3819	-10,5721	
3820	-10,542	
3821	-10,5235	
3822	-10,5026	
3823	-10,4894	
3824	-10,4653	
3825	-10,442	
3826	-10,4151	
3827	-10,3874	
3828	-10,3652	
3829	-10,3303	
3830	-10,3084	
3831	-10,2739	
3832	-10,2463	
3833	-10,2193	
3834	-10,1954	
3835	-10,167	
3836	-10,1384	
3837	-10,1112	
3838	-10,0821	
3839	-10,0592	
3840	-10,0277	
3841	-9,99649	
3842	-9,96401	
3843	-9,93454	
3844	-9,90546	
3845	-9,87879	
3846	-9,84254	
3847	-9,81534	
3848	-9,78348	
3849	-9,75364	
3850	-9,71995	
3851	-9,69743	
3852	-9,66872	
3853	-9,63235	
3854	-9,60024	
3855	-9,56987	
3856	-9,53426	
3857	-9,50395	
3858	-9,4765	
3859	-9,44539	
3860	-9,41029	
3861	-9,37621	
3862	-9,35239	
3863	-9,3201	
3864	-9,28864	
3865	-9,26097	
3866	-9,23883	
3867	-9,21104	
3868	-9,2028	
3869	-9,19375	
3870	-9,19985	
3871	-9,23292	
3872	-9,27503	
3873	-9,28082	
3874	-9,19794	
3875	-9,06551	
3876	-8,9569	
3877	-8,86848	
3878	-8,80287	
3879	-8,74287	
3880	-8,68155	
3881	-8,63205	
3882	-8,58618	
3883	-8,54032	
3884	-8,49685	
3885	-8,45439	
3886	-8,40703	
3887	-8,36313	
3888	-8,32196	
3889	-8,27417	
3890	-8,22852	
3891	-8,18916	
3892	-8,14285	
3893	-8,09623	
3894	-8,05135	
3895	-8,00701	
3896	-7,95818	
3897	-7,91421	
3898	-7,86776	
3899	-7,82297	
3900	-7,77535	
3901	-7,72831	
3902	-7,68049	
3903	-7,63703	
3904	-7,58938	
3905	-7,54294	
3906	-7,49819	
3907	-7,44984	
3908	-7,40234	
3909	-7,34172	
3910	-7,27487	
3911	-7,19562	
3912	-7,13148	
3913	-7,07475	
3914	-7,0194	
3915	-6,9668	
3916	-6,91471	
3917	-6,86427	
3918	-6,80806	
3919	-6,75251	
3920	-6,69832	
3921	-6,6408	
3922	-6,57457	
3923	-6,51058	
3924	-6,44585	
3925	-6,38066	
3926	-6,31249	
3927	-6,24966	
3928	-6,19842	
3929	-6,14666	
3930	-6,0832	
3931	-6,01577	
3932	-5,94933	
3933	-5,88193	
3934	-5,81675	
3935	-5,74292	
3936	-5,66738	
3937	-5,59648	
3938	-5,52504	
3939	-5,45468	
3940	-5,3827	
3941	-5,30561	
3942	-5,2286	
3943	-5,15404	
3944	-5,07759	
3945	-4,99618	
3946	-4,91659	
3947	-4,83528	
3948	-4,75529	
3949	-4,67304	
3950	-4,58833	
3951	-4,50127	
3952	-4,41133	
3953	-4,32136	
3954	-4,22736	
3955	-4,13836	
3956	-4,04515	
3957	-3,95044	
3958	-3,85507	
3959	-3,7584	
3960	-3,65601	
3961	-3,55607	
3962	-3,45415	
3963	-3,34955	
3964	-3,24357	
3965	-3,13197	
3966	-3,02352	
3967	-2,91298	
3968	-2,79622	
3969	-2,67981	
3970	-2,55936	
3971	-2,43722	
3972	-2,31405	
3973	-2,18826	
3974	-2,06312	
3975	-1,93291	
3976	-1,79613	
3977	-1,66138	
3978	-1,52243	
3979	-1,38286	
3980	-1,2374	
3981	-1,08627	
3982	-0,932218	
3983	-0,775991	
3984	-0,615719	
3985	-0,450854	
3986	-0,284419	
3987	-0,10938	
3988	0,0660617	
3989	0,249705	
3990	0,435743	
3991	0,627305	
3992	0,823992	
3993	1,02691	
3994	1,23587	
3995	1,45323	
3996	1,67827	
3997	1,90497	
3998	2,14172	
3999	2,38552	
4000	2,63817	
